t1,t2,t3,t4,CF12_34,CF13_24,CF14_23,genes
vitisasia,vitisusa,vsylveast,vsylvwest,0.6813,0.1622,0.1565,1572
vitisasia,vitisusa,vsylveast,vsylvwest,0.6636,0.1649,0.1715,1528
vitisasia,vitisusa,vsylveast,vsylvwest,0.6822,0.1504,0.1674,1589
vitisasia,vitisusa,vsylveast,vsylvwest,0.6648,0.167,0.1683,1569
vitisasia,vitisusa,vsylveast,vsylvwest,0.6965,0.1499,0.1536,1654
vitisasia,vitisusa,vsylveast,vsylvwest,0.6965,0.1602,0.1432,1529
vitisasia,vitisusa,vsylveast,vsylvwest,0.671,0.1668,0.1622,1535
vitisasia,vitisusa,vsylveast,vsylvwest,0.6873,0.1531,0.1597,1522
vitisasia,vitisusa,vsylveast,vsylvwest,0.6497,0.1803,0.1701,1470
vitisasia,vitisusa,vsylveast,vsylvwest,0.6524,0.1776,0.17,1447
vitisasia,vitisusa,vsylveast,vsylvwest,0.6167,0.1816,0.2017,1542
vitisasia,vitisusa,vsylveast,vsylvwest,0.6536,0.1574,0.189,1582
vitisasia,vitisusa,vsylveast,vsylvwest,0.6274,0.1641,0.2085,1511
vitisasia,vitisusa,vsylveast,vsylvwest,0.6809,0.1465,0.1726,1611
vitisasia,vitisusa,vsylveast,vsylvwest,0.6826,0.1443,0.1731,1594
vitisasia,vitisusa,vsylveast,vsylvwest,0.6774,0.1622,0.1604,1584
vitisasia,vitisusa,vsylveast,vsylvwest,0.6772,0.1564,0.1665,1586
vitisasia,vitisusa,vsylveast,vsylvwest,0.6808,0.1491,0.1701,1576
vitisasia,vitisusa,vsylveast,vsylvwest,0.6936,0.1507,0.1557,1586
vitisasia,vitisusa,vsylveast,vsylvwest,0.7027,0.1449,0.1524,1608
vitisasia,vitisusa,vsylveast,vsylvwest,0.6994,0.1597,0.1409,1597
vitisasia,vitisusa,vsylveast,vsylvwest,0.6737,0.1666,0.1597,1603
vitisasia,vitisusa,vsylveast,vsylvwest,0.703,0.1466,0.1505,1542
vitisasia,vitisusa,vsylveast,vsylvwest,0.6942,0.1588,0.147,1599
vitisasia,vitisusa,vsylveast,vsylvwest,0.746,0.1315,0.1225,1673
vitisasia,vitisusa,vsylveast,vsylvwest,0.6722,0.1698,0.158,1620
vitisasia,vitisusa,vsylveast,vsylvwest,0.6582,0.1753,0.1665,1574
vitisasia,vitisusa,vsylveast,vsylvwest,0.6864,0.1565,0.1571,1591
vitisasia,vitisusa,vsylveast,vsylvwest,0.6635,0.1698,0.1667,1578
vitisasia,vitisusa,vsylveast,vsylvwest,0.7006,0.1506,0.1488,1640
vitisasia,vitisusa,vsylveast,vsylvwest,0.696,0.1533,0.1507,1566
vitisasia,vitisusa,vsylveast,vsylvwest,0.6791,0.1601,0.1607,1549
vitisasia,vitisusa,vsylveast,vsylvwest,0.6941,0.1478,0.1581,1543
vitisasia,vitisusa,vsylveast,vsylvwest,0.6478,0.1728,0.1794,1516
vitisasia,vitisusa,vsylveast,vsylvwest,0.6578,0.167,0.1752,1461
vitisasia,vitisusa,vsylveast,vsylvwest,0.6235,0.1787,0.1978,1522
vitisasia,vitisusa,vsylveast,vsylvwest,0.6542,0.1623,0.1835,1608
vitisasia,vitisusa,vsylveast,vsylvwest,0.6299,0.1691,0.201,1532
vitisasia,vitisusa,vsylveast,vsylvwest,0.6766,0.1486,0.1748,1642
vitisasia,vitisusa,vsylveast,vsylvwest,0.6855,0.1431,0.1714,1593
vitisasia,vitisusa,vsylveast,vsylvwest,0.6743,0.1644,0.1613,1612
vitisasia,vitisusa,vsylveast,vsylvwest,0.6755,0.1622,0.1622,1621
vitisasia,vitisusa,vsylveast,vsylvwest,0.6872,0.1516,0.1612,1576
vitisasia,vitisusa,vsylveast,vsylvwest,0.6896,0.1524,0.158,1614
vitisasia,vitisusa,vsylveast,vsylvwest,0.6975,0.1479,0.1546,1643
vitisasia,vitisusa,vsylveast,vsylvwest,0.6881,0.1656,0.1463,1661
vitisasia,vitisusa,vsylveast,vsylvwest,0.6772,0.1698,0.153,1614
vitisasia,vitisusa,vsylveast,vsylvwest,0.6954,0.1561,0.1486,1602
vitisasia,vitisusa,vsylveast,vsylvwest,0.6838,0.1635,0.1527,1657
vitisasia,vitisusa,vsylveast,vsylvwest,0.7444,0.1325,0.1231,1690
vitisasia,vitisusa,vsylveast,vsylvwest,0.6716,0.1716,0.1569,1632
vitisasia,vitisusa,vsylveast,vsylvwest,0.6609,0.1743,0.1648,1566
vitisasia,vitisusa,vsylveast,vsylvwest,0.6846,0.1558,0.1596,1598
vitisasia,vitisusa,vsylveast,vsylvwest,0.6604,0.1701,0.1695,1593
vitisasia,vitisusa,vsylveast,vsylvwest,0.7013,0.1457,0.153,1627
vitisasia,vitisusa,vsylveast,vsylvwest,0.6959,0.1594,0.1447,1562
vitisasia,vitisusa,vsylveast,vsylvwest,0.6779,0.1656,0.1565,1546
vitisasia,vitisusa,vsylveast,vsylvwest,0.6965,0.1494,0.154,1519
vitisasia,vitisusa,vsylveast,vsylvwest,0.6551,0.1725,0.1725,1467
vitisasia,vitisusa,vsylveast,vsylvwest,0.6532,0.169,0.1779,1456
vitisasia,vitisusa,vsylveast,vsylvwest,0.6163,0.1918,0.1918,1543
vitisasia,vitisusa,vsylveast,vsylvwest,0.6513,0.1716,0.1772,1603
vitisasia,vitisusa,vsylveast,vsylvwest,0.6254,0.1775,0.1971,1527
vitisasia,vitisusa,vsylveast,vsylvwest,0.6699,0.1581,0.172,1651
vitisasia,vitisusa,vsylveast,vsylvwest,0.6797,0.1488,0.1715,1586
vitisasia,vitisusa,vsylveast,vsylvwest,0.6745,0.1671,0.1584,1616
vitisasia,vitisusa,vsylveast,vsylvwest,0.6791,0.162,0.1589,1605
vitisasia,vitisusa,vsylveast,vsylvwest,0.6791,0.1555,0.1654,1608
vitisasia,vitisusa,vsylveast,vsylvwest,0.6899,0.1523,0.1579,1609
vitisasia,vitisusa,vsylveast,vsylvwest,0.706,0.1401,0.1539,1592
vitisasia,vitisusa,vsylveast,vsylvwest,0.6939,0.1652,0.1409,1640
vitisasia,vitisusa,vsylveast,vsylvwest,0.6755,0.1718,0.1527,1624
vitisasia,vitisusa,vsylveast,vsylvwest,0.6977,0.1543,0.148,1588
vitisasia,vitisusa,vsylveast,vsylvwest,0.6857,0.1623,0.152,1645
vitisasia,vitisusa,vsylveast,vsylvwest,0.7523,0.1251,0.1226,1647
vitisasia,vitisusa,vsylveast,vsylvwest,0.6744,0.1694,0.1562,1588
vitisasia,vitisusa,vsylveast,vsylvwest,0.6581,0.1774,0.1645,1556
vitisasia,vitisusa,vsylveast,vsylvwest,0.681,0.1551,0.1639,1580
vitisasia,vitisusa,vsylveast,vsylvwest,0.6579,0.1764,0.1657,1593
vitisasia,vitisusa,vsylveast,vsylvwest,0.7029,0.1507,0.1464,1612
vitisasia,vitisusa,vsylveast,vsylvwest,0.6968,0.1555,0.1477,1537
vitisasia,vitisusa,vsylveast,vsylvwest,0.672,0.1675,0.1605,1558
vitisasia,vitisusa,vsylveast,vsylvwest,0.686,0.1495,0.1645,1538
vitisasia,vitisusa,vsylveast,vsylvwest,0.6501,0.1777,0.1723,1486
vitisasia,vitisusa,vsylveast,vsylvwest,0.6534,0.1726,0.174,1454
vitisasia,vitisusa,vsylveast,vsylvwest,0.6176,0.1817,0.2007,1530
vitisasia,vitisusa,vsylveast,vsylvwest,0.6501,0.1656,0.1842,1612
vitisasia,vitisusa,vsylveast,vsylvwest,0.6271,0.1652,0.2077,1507
vitisasia,vitisusa,vsylveast,vsylvwest,0.6689,0.1557,0.1754,1670
vitisasia,vitisusa,vsylveast,vsylvwest,0.6817,0.1456,0.1726,1593
vitisasia,vitisusa,vsylveast,vsylvwest,0.6669,0.1693,0.1638,1624
vitisasia,vitisusa,vsylveast,vsylvwest,0.6679,0.1685,0.1636,1638
vitisasia,vitisusa,vsylveast,vsylvwest,0.6776,0.153,0.1694,1582
vitisasia,vitisusa,vsylveast,vsylvwest,0.6811,0.161,0.1579,1640
vitisasia,vitisusa,vsylveast,vsylvwest,0.6988,0.149,0.1521,1617
vitisasia,vitisusa,vsylveast,vsylvwest,0.6903,0.1631,0.1466,1637
vitisasia,vitisusa,vsylveast,vsylvwest,0.6707,0.1726,0.1567,1634
vitisasia,vitisusa,vsylveast,vsylvwest,0.6966,0.1491,0.1542,1569
vitisasia,vitisusa,vsylveast,vsylvwest,0.6849,0.1645,0.1506,1647
vitisasia,vitisusa,vsylveast,vsylvwest,0.7394,0.1341,0.1265,1700
vitisasia,vitisusa,vsylveast,vsylvwest,0.6758,0.1627,0.1615,1635
vitisasia,vitisusa,vsylveast,vsylvwest,0.6646,0.1668,0.1687,1577
vitisasia,vitisusa,vsylveast,vsylvwest,0.6882,0.1481,0.1637,1607
vitisasia,vitisusa,vsylveast,vsylvwest,0.6679,0.1651,0.167,1599
vitisasia,vitisusa,vsylveast,vsylvwest,0.7003,0.1368,0.1629,1645
vitisasia,vitisusa,vsylveast,vsylvwest,0.7059,0.1516,0.1425,1530
vitisasia,vitisusa,vsylveast,vsylvwest,0.6838,0.161,0.1551,1534
vitisasia,vitisusa,vsylveast,vsylvwest,0.7001,0.1457,0.1543,1517
vitisasia,vitisusa,vsylveast,vsylvwest,0.6628,0.1717,0.1655,1462
vitisasia,vitisusa,vsylveast,vsylvwest,0.6608,0.1587,0.1805,1424
vitisasia,vitisusa,vsylveast,vsylvwest,0.624,0.1802,0.1958,1532
vitisasia,vitisusa,vsylveast,vsylvwest,0.6631,0.1593,0.1777,1576
vitisasia,vitisusa,vsylveast,vsylvwest,0.6351,0.1656,0.1993,1510
vitisasia,vitisusa,vsylveast,vsylvwest,0.6742,0.1542,0.1715,1673
vitisasia,vitisusa,vsylveast,vsylvwest,0.6817,0.1375,0.1808,1593
vitisasia,vitisusa,vsylveast,vsylvwest,0.682,0.1609,0.1571,1591
vitisasia,vitisusa,vsylveast,vsylvwest,0.6818,0.1594,0.1588,1606
vitisasia,vitisusa,vsylveast,vsylvwest,0.6886,0.149,0.1623,1577
vitisasia,vitisusa,vsylveast,vsylvwest,0.6919,0.1544,0.1538,1626
vitisasia,vitisusa,vsylveast,vsylvwest,0.7037,0.136,0.1603,1603
vitisasia,vitisusa,vsylveast,vsylvwest,0.699,0.1632,0.1378,1618
vitisasia,vitisusa,vsylveast,vsylvwest,0.6789,0.1717,0.1494,1613
vitisasia,vitisusa,vsylveast,vsylvwest,0.7073,0.1509,0.1418,1551
vitisasia,vitisusa,vsylveast,vsylvwest,0.6957,0.1633,0.141,1617
vitisasia,vitisusa,vsylveast,vsylvwest,0.7532,0.1222,0.1246,1637
vitisasia,vitisusa,vsylveast,vsylvwest,0.6792,0.1635,0.1573,1602
vitisasia,vitisusa,vsylveast,vsylvwest,0.6631,0.1732,0.1637,1576
vitisasia,vitisusa,vsylveast,vsylvwest,0.6842,0.1538,0.1619,1612
vitisasia,vitisusa,vsylveast,vsylvwest,0.6592,0.1701,0.1707,1617
vitisasia,vitisusa,vsylveast,vsylvwest,0.7001,0.1417,0.1582,1637
vitisasia,vitisusa,vsylveast,vsylvwest,0.7008,0.1499,0.1493,1554
vitisasia,vitisusa,vsylveast,vsylvwest,0.6848,0.1595,0.1556,1542
vitisasia,vitisusa,vsylveast,vsylvwest,0.6933,0.1463,0.1604,1552
vitisasia,vitisusa,vsylveast,vsylvwest,0.6568,0.1682,0.175,1486
vitisasia,vitisusa,vsylveast,vsylvwest,0.6611,0.1569,0.182,1434
vitisasia,vitisusa,vsylveast,vsylvwest,0.6222,0.181,0.1967,1530
vitisasia,vitisusa,vsylveast,vsylvwest,0.6618,0.1631,0.1751,1582
vitisasia,vitisusa,vsylveast,vsylvwest,0.6302,0.1695,0.2003,1528
vitisasia,vitisusa,vsylveast,vsylvwest,0.6733,0.1528,0.1739,1662
vitisasia,vitisusa,vsylveast,vsylvwest,0.6835,0.139,0.1775,1583
vitisasia,vitisusa,vsylveast,vsylvwest,0.6851,0.1623,0.1527,1559
vitisasia,vitisusa,vsylveast,vsylvwest,0.6845,0.164,0.1514,1585
vitisasia,vitisusa,vsylveast,vsylvwest,0.6889,0.153,0.1581,1562
vitisasia,vitisusa,vsylveast,vsylvwest,0.6912,0.1557,0.1532,1606
vitisasia,vitisusa,vsylveast,vsylvwest,0.7023,0.142,0.1557,1599
vitisasia,vitisusa,vsylveast,vsylvwest,0.6995,0.164,0.1365,1604
vitisasia,vitisusa,vsylveast,vsylvwest,0.677,0.1767,0.1464,1619
vitisasia,vitisusa,vsylveast,vsylvwest,0.6983,0.1575,0.1442,1581
vitisasia,vitisusa,vsylveast,vsylvwest,0.6903,0.165,0.1447,1624
vitisasia,vitisusa,vsylveast,vsylvwest,0.7548,0.1248,0.1205,1627
vitisasia,vitisusa,vsylveast,vsylvwest,0.5065,0.2754,0.2182,1696
vitisasia,vitisusa,vsylveast,vsylvwest,0.4857,0.28,0.2343,1643
vitisasia,vitisusa,vsylveast,vsylvwest,0.5118,0.2702,0.218,1743
vitisasia,vitisusa,vsylveast,vsylvwest,0.4794,0.2694,0.2512,1700
vitisasia,vitisusa,vsylveast,vsylvwest,0.5148,0.2409,0.2443,1752
vitisasia,vitisusa,vsylveast,vsylvwest,0.5351,0.2304,0.2345,1697
vitisasia,vitisusa,vsylveast,vsylvwest,0.5166,0.233,0.2505,1661
vitisasia,vitisusa,vsylveast,vsylvwest,0.533,0.2296,0.2374,1681
vitisasia,vitisusa,vsylveast,vsylvwest,0.4744,0.2408,0.2849,1657
vitisasia,vitisusa,vsylveast,vsylvwest,0.4708,0.2301,0.2991,1595
vitisasia,vitisusa,vsylveast,vsylvwest,0.3985,0.3825,0.219,1694
vitisasia,vitisusa,vsylveast,vsylvwest,0.438,0.3556,0.2064,1710
vitisasia,vitisusa,vsylveast,vsylvwest,0.4082,0.3754,0.2164,1705
vitisasia,vitisusa,vsylveast,vsylvwest,0.46,0.3322,0.2079,1698
vitisasia,vitisusa,vsylveast,vsylvwest,0.4538,0.3253,0.2209,1666
vitisasia,vitisusa,vsylveast,vsylvwest,0.4906,0.3033,0.2061,1698
vitisasia,vitisusa,vsylveast,vsylvwest,0.4881,0.2975,0.2144,1721
vitisasia,vitisusa,vsylveast,vsylvwest,0.4965,0.2981,0.2054,1714
vitisasia,vitisusa,vsylveast,vsylvwest,0.4947,0.2817,0.2236,1704
vitisasia,vitisusa,vsylveast,vsylvwest,0.503,0.2669,0.2302,1690
vitisasia,vitisusa,vsylveast,vsylvwest,0.5102,0.2948,0.195,1764
vitisasia,vitisusa,vsylveast,vsylvwest,0.4875,0.2999,0.2126,1764
vitisasia,vitisusa,vsylveast,vsylvwest,0.508,0.2943,0.1977,1760
vitisasia,vitisusa,vsylveast,vsylvwest,0.5012,0.2817,0.2171,1704
vitisasia,vitisusa,vsylveast,vsylvwest,0.5499,0.2454,0.2047,1793
vitisasia,vitisusa,vsylveast,vveast,0.6612,0.1839,0.1549,1517
vitisasia,vitisusa,vsylveast,vveast,0.6765,0.1624,0.1611,1527
vitisasia,vitisusa,vsylveast,vveast,0.6488,0.1818,0.1695,1546
vitisasia,vitisusa,vsylveast,vveast,0.66,0.1807,0.1593,1544
vitisasia,vitisusa,vsylveast,vveast,0.69,0.1541,0.1559,1642
vitisasia,vitisusa,vsylveast,vveast,0.616,0.2132,0.1707,1435
vitisasia,vitisusa,vsylveast,vveast,0.6245,0.1943,0.1813,1462
vitisasia,vitisusa,vsylveast,vveast,0.6078,0.2082,0.1839,1479
vitisasia,vitisusa,vsylveast,vveast,0.6335,0.1999,0.1667,1506
vitisasia,vitisusa,vsylveast,vveast,0.6398,0.185,0.1752,1438
vitisasia,vitisusa,vsylveast,vveast,0.7236,0.1394,0.137,1715
vitisasia,vitisusa,vsylveast,vveast,0.722,0.1281,0.1499,1748
vitisasia,vitisusa,vsylveast,vveast,0.7163,0.1356,0.1482,1667
vitisasia,vitisusa,vsylveast,vveast,0.7267,0.1345,0.1388,1650
vitisasia,vitisusa,vsylveast,vveast,0.7226,0.1263,0.1511,1734
vitisasia,vitisusa,vsylveast,vveast,0.6698,0.1769,0.1534,1617
vitisasia,vitisusa,vsylveast,vveast,0.6907,0.1534,0.1559,1578
vitisasia,vitisusa,vsylveast,vveast,0.6826,0.1628,0.1546,1591
vitisasia,vitisusa,vsylveast,vveast,0.6741,0.1713,0.1547,1623
vitisasia,vitisusa,vsylveast,vveast,0.6946,0.15,0.1554,1647
vitisasia,vitisusa,vsylveast,vveast,0.6805,0.1809,0.1386,1537
vitisasia,vitisusa,vsylveast,vveast,0.6703,0.1723,0.1574,1550
vitisasia,vitisusa,vsylveast,vveast,0.6597,0.1829,0.1574,1569
vitisasia,vitisusa,vsylveast,vveast,0.6875,0.1736,0.1389,1555
vitisasia,vitisusa,vsylveast,vveast,0.7026,0.1541,0.1433,1661
vitisasia,vitisusa,vsylveast,vveast,0.6552,0.1864,0.1584,1540
vitisasia,vitisusa,vsylveast,vveast,0.6754,0.161,0.1636,1522
vitisasia,vitisusa,vsylveast,vveast,0.6541,0.1789,0.167,1515
vitisasia,vitisusa,vsylveast,vveast,0.6639,0.1849,0.1512,1541
vitisasia,vitisusa,vsylveast,vveast,0.6867,0.1536,0.1597,1647
vitisasia,vitisusa,vsylveast,vveast,0.6164,0.2014,0.1823,1465
vitisasia,vitisusa,vsylveast,vveast,0.6237,0.1818,0.1945,1491
vitisasia,vitisusa,vsylveast,vveast,0.6233,0.1894,0.1873,1431
vitisasia,vitisusa,vsylveast,vveast,0.6406,0.1919,0.1675,1522
vitisasia,vitisusa,vsylveast,vveast,0.6364,0.1733,0.1903,1477
vitisasia,vitisusa,vsylveast,vveast,0.7208,0.1382,0.141,1730
vitisasia,vitisusa,vsylveast,vveast,0.7265,0.1217,0.1518,1726
vitisasia,vitisusa,vsylveast,vveast,0.7175,0.1322,0.1502,1664
vitisasia,vitisusa,vsylveast,vveast,0.724,0.1392,0.1368,1681
vitisasia,vitisusa,vsylveast,vveast,0.72,0.1234,0.1566,1743
vitisasia,vitisusa,vsylveast,vveast,0.6704,0.1738,0.1558,1617
vitisasia,vitisusa,vsylveast,vveast,0.6885,0.1501,0.1614,1586
vitisasia,vitisusa,vsylveast,vveast,0.6872,0.1577,0.1551,1573
vitisasia,vitisusa,vsylveast,vveast,0.6786,0.1724,0.149,1624
vitisasia,vitisusa,vsylveast,vveast,0.6914,0.1471,0.1615,1659
vitisasia,vitisusa,vsylveast,vveast,0.6694,0.1829,0.1477,1591
vitisasia,vitisusa,vsylveast,vveast,0.6741,0.1659,0.16,1531
vitisasia,vitisusa,vsylveast,vveast,0.6641,0.1779,0.158,1551
vitisasia,vitisusa,vsylveast,vveast,0.6949,0.1736,0.1315,1544
vitisasia,vitisusa,vsylveast,vveast,0.6987,0.1516,0.1498,1676
vitisasia,vitisusa,vsylveast,vveast,0.6569,0.1865,0.1566,1539
vitisasia,vitisusa,vsylveast,vveast,0.6739,0.1608,0.1654,1530
vitisasia,vitisusa,vsylveast,vveast,0.6516,0.1788,0.1696,1527
vitisasia,vitisusa,vsylveast,vveast,0.6583,0.1812,0.1605,1551
vitisasia,vitisusa,vsylveast,vveast,0.6834,0.1517,0.165,1655
vitisasia,vitisusa,vsylveast,vveast,0.6123,0.2091,0.1786,1478
vitisasia,vitisusa,vsylveast,vveast,0.6242,0.1852,0.1906,1474
vitisasia,vitisusa,vsylveast,vveast,0.6185,0.1953,0.1862,1439
vitisasia,vitisusa,vsylveast,vveast,0.637,0.1918,0.1712,1507
vitisasia,vitisusa,vsylveast,vveast,0.64,0.172,0.188,1436
vitisasia,vitisusa,vsylveast,vveast,0.7259,0.1435,0.1305,1693
vitisasia,vitisusa,vsylveast,vveast,0.7157,0.1333,0.151,1755
vitisasia,vitisusa,vsylveast,vveast,0.7134,0.1403,0.1463,1661
vitisasia,vitisusa,vsylveast,vveast,0.7172,0.1438,0.139,1676
vitisasia,vitisusa,vsylveast,vveast,0.7181,0.1276,0.1543,1724
vitisasia,vitisusa,vsylveast,vveast,0.6723,0.175,0.1527,1611
vitisasia,vitisusa,vsylveast,vveast,0.6879,0.1507,0.1614,1586
vitisasia,vitisusa,vsylveast,vveast,0.6868,0.1579,0.1553,1571
vitisasia,vitisusa,vsylveast,vveast,0.6779,0.1679,0.1542,1608
vitisasia,vitisusa,vsylveast,vveast,0.6996,0.1403,0.1601,1611
vitisasia,vitisusa,vsylveast,vveast,0.6756,0.182,0.1424,1566
vitisasia,vitisusa,vsylveast,vveast,0.6673,0.1692,0.1635,1560
vitisasia,vitisusa,vsylveast,vveast,0.67,0.1749,0.1552,1521
vitisasia,vitisusa,vsylveast,vveast,0.6879,0.1715,0.1407,1557
vitisasia,vitisusa,vsylveast,vveast,0.6967,0.1499,0.1534,1675
vitisasia,vitisusa,vsylveast,vveast,0.6505,0.1849,0.1646,1525
vitisasia,vitisusa,vsylveast,vveast,0.6641,0.1737,0.1622,1572
vitisasia,vitisusa,vsylveast,vveast,0.6474,0.1886,0.164,1543
vitisasia,vitisusa,vsylveast,vveast,0.6525,0.1863,0.1612,1557
vitisasia,vitisusa,vsylveast,vveast,0.6854,0.1624,0.1522,1656
vitisasia,vitisusa,vsylveast,vveast,0.6137,0.2008,0.1854,1429
vitisasia,vitisusa,vsylveast,vveast,0.6281,0.189,0.1829,1460
vitisasia,vitisusa,vsylveast,vveast,0.6132,0.2033,0.1835,1471
vitisasia,vitisusa,vsylveast,vveast,0.6328,0.1935,0.1737,1514
vitisasia,vitisusa,vsylveast,vveast,0.6364,0.1845,0.1791,1474
vitisasia,vitisusa,vsylveast,vveast,0.7221,0.1333,0.1445,1695
vitisasia,vitisusa,vsylveast,vveast,0.7178,0.132,0.1501,1765
vitisasia,vitisusa,vsylveast,vveast,0.7181,0.1373,0.1446,1660
vitisasia,vitisusa,vsylveast,vveast,0.7139,0.1398,0.1463,1695
vitisasia,vitisusa,vsylveast,vveast,0.7194,0.1309,0.1497,1750
vitisasia,vitisusa,vsylveast,vveast,0.6627,0.1745,0.1627,1616
vitisasia,vitisusa,vsylveast,vveast,0.6855,0.1591,0.1554,1596
vitisasia,vitisusa,vsylveast,vveast,0.682,0.1672,0.1508,1591
vitisasia,vitisusa,vsylveast,vveast,0.6675,0.1745,0.158,1639
vitisasia,vitisusa,vsylveast,vveast,0.6957,0.1537,0.1506,1640
vitisasia,vitisusa,vsylveast,vveast,0.6692,0.1772,0.1536,1563
vitisasia,vitisusa,vsylveast,vveast,0.6684,0.1735,0.1581,1562
vitisasia,vitisusa,vsylveast,vveast,0.6628,0.1827,0.1545,1560
vitisasia,vitisusa,vsylveast,vveast,0.6864,0.1713,0.1423,1553
vitisasia,vitisusa,vsylveast,vveast,0.7056,0.1542,0.1403,1654
vitisasia,vitisusa,vsylveast,vveast,0.6614,0.1742,0.1644,1533
vitisasia,vitisusa,vsylveast,vveast,0.6879,0.1467,0.1654,1493
vitisasia,vitisusa,vsylveast,vveast,0.657,0.1685,0.1744,1525
vitisasia,vitisusa,vsylveast,vveast,0.6594,0.17,0.1706,1559
vitisasia,vitisusa,vsylveast,vveast,0.6938,0.1452,0.161,1646
vitisasia,vitisusa,vsylveast,vveast,0.6232,0.1979,0.1789,1425
vitisasia,vitisusa,vsylveast,vveast,0.6361,0.1763,0.1875,1429
vitisasia,vitisusa,vsylveast,vveast,0.6222,0.1899,0.1878,1432
vitisasia,vitisusa,vsylveast,vveast,0.6445,0.1815,0.174,1471
vitisasia,vitisusa,vsylveast,vveast,0.6505,0.1698,0.1797,1419
vitisasia,vitisusa,vsylveast,vveast,0.7283,0.1326,0.1391,1697
vitisasia,vitisusa,vsylveast,vveast,0.7215,0.1239,0.1547,1752
vitisasia,vitisusa,vsylveast,vveast,0.7236,0.1275,0.1489,1639
vitisasia,vitisusa,vsylveast,vveast,0.7161,0.134,0.1499,1694
vitisasia,vitisusa,vsylveast,vveast,0.7284,0.1206,0.1509,1716
vitisasia,vitisusa,vsylveast,vveast,0.6759,0.168,0.1561,1595
vitisasia,vitisusa,vsylveast,vveast,0.6913,0.1467,0.1619,1581
vitisasia,vitisusa,vsylveast,vveast,0.6881,0.1544,0.1576,1574
vitisasia,vitisusa,vsylveast,vveast,0.6724,0.1647,0.1629,1633
vitisasia,vitisusa,vsylveast,vveast,0.7022,0.1422,0.1557,1625
vitisasia,vitisusa,vsylveast,vveast,0.6781,0.1784,0.1435,1547
vitisasia,vitisusa,vsylveast,vveast,0.6734,0.1669,0.1597,1534
vitisasia,vitisusa,vsylveast,vveast,0.674,0.173,0.153,1503
vitisasia,vitisusa,vsylveast,vveast,0.6869,0.1688,0.1443,1552
vitisasia,vitisusa,vsylveast,vveast,0.7054,0.1512,0.1434,1653
vitisasia,vitisusa,vsylveast,vveast,0.6598,0.1859,0.1543,1549
vitisasia,vitisusa,vsylveast,vveast,0.6776,0.1576,0.1648,1529
vitisasia,vitisusa,vsylveast,vveast,0.6583,0.1745,0.1672,1513
vitisasia,vitisusa,vsylveast,vveast,0.6595,0.182,0.1585,1571
vitisasia,vitisusa,vsylveast,vveast,0.6904,0.149,0.1606,1644
vitisasia,vitisusa,vsylveast,vveast,0.6213,0.203,0.1757,1468
vitisasia,vitisusa,vsylveast,vveast,0.6272,0.1797,0.1931,1486
vitisasia,vitisusa,vsylveast,vveast,0.6209,0.1902,0.1889,1456
vitisasia,vitisusa,vsylveast,vveast,0.6443,0.1871,0.1685,1507
vitisasia,vitisusa,vsylveast,vveast,0.6441,0.1683,0.1876,1450
vitisasia,vitisusa,vsylveast,vveast,0.7268,0.1409,0.1322,1717
vitisasia,vitisusa,vsylveast,vveast,0.7152,0.1298,0.1551,1780
vitisasia,vitisusa,vsylveast,vveast,0.7238,0.1311,0.1451,1640
vitisasia,vitisusa,vsylveast,vveast,0.717,0.1424,0.1406,1707
vitisasia,vitisusa,vsylveast,vveast,0.7252,0.122,0.1528,1721
vitisasia,vitisusa,vsylveast,vveast,0.6699,0.1816,0.1485,1630
vitisasia,vitisusa,vsylveast,vveast,0.689,0.1536,0.1574,1582
vitisasia,vitisusa,vsylveast,vveast,0.6863,0.1619,0.1517,1575
vitisasia,vitisusa,vsylveast,vveast,0.6732,0.1762,0.1506,1640
vitisasia,vitisusa,vsylveast,vveast,0.699,0.1462,0.1548,1621
vitisasia,vitisusa,vsylveast,vveast,0.6745,0.1891,0.1364,1576
vitisasia,vitisusa,vsylveast,vveast,0.669,0.1729,0.1581,1550
vitisasia,vitisusa,vsylveast,vveast,0.6735,0.1782,0.1483,1504
vitisasia,vitisusa,vsylveast,vveast,0.6835,0.1807,0.1358,1583
vitisasia,vitisusa,vsylveast,vveast,0.7014,0.1538,0.1448,1658
vitisasia,vitisusa,vsylveast,vveast,0.4466,0.2684,0.285,1684
vitisasia,vitisusa,vsylveast,vveast,0.4645,0.2544,0.2811,1718
vitisasia,vitisusa,vsylveast,vveast,0.445,0.268,0.287,1683
vitisasia,vitisusa,vsylveast,vveast,0.4528,0.265,0.2822,1683
vitisasia,vitisusa,vsylveast,vveast,0.4812,0.2248,0.294,1779
vitisasia,vitisusa,vsylveast,vveast,0.4174,0.2515,0.3311,1658
vitisasia,vitisusa,vsylveast,vveast,0.4341,0.2378,0.3281,1661
vitisasia,vitisusa,vsylveast,vveast,0.4228,0.2471,0.3301,1639
vitisasia,vitisusa,vsylveast,vveast,0.4466,0.2368,0.3165,1668
vitisasia,vitisusa,vsylveast,vveast,0.4265,0.22,0.3535,1700
vitisasia,vitisusa,vsylveast,vveast,0.4969,0.2945,0.2086,1769
vitisasia,vitisusa,vsylveast,vveast,0.503,0.2855,0.2115,1811
vitisasia,vitisusa,vsylveast,vveast,0.4849,0.2998,0.2153,1751
vitisasia,vitisusa,vsylveast,vveast,0.4921,0.298,0.2099,1715
vitisasia,vitisusa,vsylveast,vveast,0.5,0.267,0.233,1674
vitisasia,vitisusa,vsylveast,vveast,0.4555,0.2837,0.2608,1741
vitisasia,vitisusa,vsylveast,vveast,0.472,0.2703,0.2576,1735
vitisasia,vitisusa,vsylveast,vveast,0.4692,0.276,0.2548,1703
vitisasia,vitisusa,vsylveast,vveast,0.4635,0.2795,0.2569,1728
vitisasia,vitisusa,vsylveast,vveast,0.4796,0.2439,0.2764,1693
vitisasia,vitisusa,vsylveast,vveast,0.456,0.2871,0.2569,1693
vitisasia,vitisusa,vsylveast,vveast,0.4512,0.2839,0.2649,1733
vitisasia,vitisusa,vsylveast,vveast,0.4476,0.2901,0.2623,1689
vitisasia,vitisusa,vsylveast,vveast,0.466,0.2816,0.2525,1719
vitisasia,vitisusa,vsylveast,vveast,0.4894,0.2427,0.268,1739
vitisasia,vitisusa,vsylveast,vvwest,0.6696,0.178,0.1525,1489
vitisasia,vitisusa,vsylveast,vvwest,0.669,0.1665,0.1646,1586
vitisasia,vitisusa,vsylveast,vvwest,0.6624,0.1834,0.1541,1570
vitisasia,vitisusa,vsylveast,vvwest,0.6681,0.1719,0.1599,1582
vitisasia,vitisusa,vsylveast,vvwest,0.6558,0.1718,0.1724,1595
vitisasia,vitisusa,vsylveast,vvwest,0.6358,0.201,0.1632,1458
vitisasia,vitisusa,vsylveast,vvwest,0.6749,0.169,0.1561,1544
vitisasia,vitisusa,vsylveast,vvwest,0.666,0.1874,0.1466,1542
vitisasia,vitisusa,vsylveast,vvwest,0.641,0.1913,0.1677,1521
vitisasia,vitisusa,vsylveast,vvwest,0.6356,0.1875,0.1768,1493
vitisasia,vitisusa,vsylveast,vvwest,0.7238,0.1375,0.1387,1651
vitisasia,vitisusa,vsylveast,vvwest,0.6867,0.1455,0.1679,1650
vitisasia,vitisusa,vsylveast,vvwest,0.7102,0.1467,0.1432,1732
vitisasia,vitisusa,vsylveast,vvwest,0.6621,0.1624,0.1754,1613
vitisasia,vitisusa,vsylveast,vvwest,0.662,0.156,0.182,1571
vitisasia,vitisusa,vsylveast,vvwest,0.6772,0.1715,0.1513,1580
vitisasia,vitisusa,vsylveast,vvwest,0.6925,0.1528,0.1546,1649
vitisasia,vitisusa,vsylveast,vvwest,0.691,0.1666,0.1424,1657
vitisasia,vitisusa,vsylveast,vvwest,0.6863,0.1608,0.1529,1629
vitisasia,vitisusa,vsylveast,vvwest,0.661,0.1673,0.1717,1584
vitisasia,vitisusa,vsylveast,vvwest,0.6733,0.1823,0.1443,1552
vitisasia,vitisusa,vsylveast,vvwest,0.7068,0.1541,0.1391,1603
vitisasia,vitisusa,vsylveast,vvwest,0.6708,0.1854,0.1438,1613
vitisasia,vitisusa,vsylveast,vvwest,0.674,0.1756,0.1504,1589
vitisasia,vitisusa,vsylveast,vvwest,0.6932,0.1598,0.147,1571
vitisasia,vitisusa,vsylveast,vvwest,0.6704,0.1854,0.1442,1505
vitisasia,vitisusa,vsylveast,vvwest,0.6608,0.1652,0.1739,1604
vitisasia,vitisusa,vsylveast,vvwest,0.6605,0.1828,0.1567,1570
vitisasia,vitisusa,vsylveast,vvwest,0.6658,0.174,0.1602,1592
vitisasia,vitisusa,vsylveast,vvwest,0.6571,0.1752,0.1677,1598
vitisasia,vitisusa,vsylveast,vvwest,0.6466,0.1928,0.1606,1463
vitisasia,vitisusa,vsylveast,vvwest,0.6711,0.1552,0.1737,1572
vitisasia,vitisusa,vsylveast,vvwest,0.6682,0.1743,0.1576,1555
vitisasia,vitisusa,vsylveast,vvwest,0.6437,0.1804,0.1759,1541
vitisasia,vitisusa,vsylveast,vvwest,0.6373,0.1804,0.1824,1530
vitisasia,vitisusa,vsylveast,vvwest,0.7226,0.1429,0.1345,1680
vitisasia,vitisusa,vsylveast,vvwest,0.6813,0.1407,0.178,1663
vitisasia,vitisusa,vsylveast,vvwest,0.7098,0.1431,0.1471,1733
vitisasia,vitisusa,vsylveast,vvwest,0.6607,0.1616,0.1776,1627
vitisasia,vitisusa,vsylveast,vvwest,0.6629,0.1572,0.1799,1584
vitisasia,vitisusa,vsylveast,vvwest,0.6847,0.1729,0.1424,1573
vitisasia,vitisusa,vsylveast,vvwest,0.6897,0.1467,0.1636,1650
vitisasia,vitisusa,vsylveast,vvwest,0.688,0.1641,0.1479,1670
vitisasia,vitisusa,vsylveast,vvwest,0.6847,0.1601,0.1552,1643
vitisasia,vitisusa,vsylveast,vvwest,0.6582,0.1703,0.1715,1615
vitisasia,vitisusa,vsylveast,vvwest,0.6736,0.1869,0.1394,1578
vitisasia,vitisusa,vsylveast,vvwest,0.6938,0.1528,0.1534,1649
vitisasia,vitisusa,vsylveast,vvwest,0.6691,0.1821,0.1488,1620
vitisasia,vitisusa,vsylveast,vvwest,0.6687,0.1764,0.1548,1621
vitisasia,vitisusa,vsylveast,vvwest,0.6884,0.1636,0.148,1608
vitisasia,vitisusa,vsylveast,vvwest,0.6629,0.182,0.1551,1522
vitisasia,vitisusa,vsylveast,vvwest,0.6636,0.1679,0.1685,1608
vitisasia,vitisusa,vsylveast,vvwest,0.6581,0.1854,0.1565,1591
vitisasia,vitisusa,vsylveast,vvwest,0.6638,0.175,0.1613,1606
vitisasia,vitisusa,vsylveast,vvwest,0.659,0.1768,0.1643,1601
vitisasia,vitisusa,vsylveast,vvwest,0.6393,0.194,0.1667,1464
vitisasia,vitisusa,vsylveast,vvwest,0.677,0.1609,0.1621,1548
vitisasia,vitisusa,vsylveast,vvwest,0.6641,0.1823,0.1536,1569
vitisasia,vitisusa,vsylveast,vvwest,0.6494,0.1823,0.1683,1503
vitisasia,vitisusa,vsylveast,vvwest,0.64,0.1863,0.1737,1514
vitisasia,vitisusa,vsylveast,vvwest,0.7202,0.145,0.1347,1655
vitisasia,vitisusa,vsylveast,vvwest,0.6848,0.15,0.1652,1640
vitisasia,vitisusa,vsylveast,vvwest,0.7049,0.1538,0.1412,1742
vitisasia,vitisusa,vsylveast,vvwest,0.6574,0.1707,0.1719,1623
vitisasia,vitisusa,vsylveast,vvwest,0.6622,0.1676,0.1702,1575
vitisasia,vitisusa,vsylveast,vvwest,0.6842,0.1678,0.1479,1555
vitisasia,vitisusa,vsylveast,vvwest,0.6925,0.1504,0.1571,1649
vitisasia,vitisusa,vsylveast,vvwest,0.6844,0.1684,0.1472,1692
vitisasia,vitisusa,vsylveast,vvwest,0.6854,0.161,0.1537,1640
vitisasia,vitisusa,vsylveast,vvwest,0.6627,0.1718,0.1655,1601
vitisasia,vitisusa,vsylveast,vvwest,0.6665,0.1847,0.1489,1592
vitisasia,vitisusa,vsylveast,vvwest,0.7017,0.1538,0.1445,1626
vitisasia,vitisusa,vsylveast,vvwest,0.6685,0.1848,0.1467,1629
vitisasia,vitisusa,vsylveast,vvwest,0.671,0.1763,0.1527,1611
vitisasia,vitisusa,vsylveast,vvwest,0.691,0.1657,0.1433,1605
vitisasia,vitisusa,vsylveast,vvwest,0.6734,0.188,0.1386,1479
vitisasia,vitisusa,vsylveast,vvwest,0.6633,0.1705,0.1661,1589
vitisasia,vitisusa,vsylveast,vvwest,0.6555,0.1899,0.1546,1585
vitisasia,vitisusa,vsylveast,vvwest,0.6614,0.1762,0.1624,1589
vitisasia,vitisusa,vsylveast,vvwest,0.6532,0.1821,0.1647,1609
vitisasia,vitisusa,vsylveast,vvwest,0.6499,0.1975,0.1527,1428
vitisasia,vitisusa,vsylveast,vvwest,0.6738,0.1625,0.1638,1551
vitisasia,vitisusa,vsylveast,vvwest,0.6624,0.1838,0.1538,1567
vitisasia,vitisusa,vsylveast,vvwest,0.6433,0.1827,0.1741,1511
vitisasia,vitisusa,vsylveast,vvwest,0.6344,0.189,0.1766,1529
vitisasia,vitisusa,vsylveast,vvwest,0.7242,0.1448,0.131,1664
vitisasia,vitisusa,vsylveast,vvwest,0.6784,0.148,0.1736,1676
vitisasia,vitisusa,vsylveast,vvwest,0.7101,0.1467,0.1432,1725
vitisasia,vitisusa,vsylveast,vvwest,0.6584,0.1621,0.1795,1616
vitisasia,vitisusa,vsylveast,vvwest,0.6585,0.1639,0.1776,1599
vitisasia,vitisusa,vsylveast,vvwest,0.6842,0.1775,0.1384,1561
vitisasia,vitisusa,vsylveast,vvwest,0.6857,0.1556,0.1587,1664
vitisasia,vitisusa,vsylveast,vvwest,0.6829,0.1716,0.1455,1684
vitisasia,vitisusa,vsylveast,vvwest,0.6771,0.1644,0.1584,1654
vitisasia,vitisusa,vsylveast,vvwest,0.6571,0.1764,0.1665,1610
vitisasia,vitisusa,vsylveast,vvwest,0.6783,0.1863,0.1354,1551
vitisasia,vitisusa,vsylveast,vvwest,0.7001,0.1539,0.1459,1624
vitisasia,vitisusa,vsylveast,vvwest,0.6683,0.185,0.1467,1622
vitisasia,vitisusa,vsylveast,vvwest,0.6698,0.1739,0.1563,1599
vitisasia,vitisusa,vsylveast,vvwest,0.686,0.1675,0.1465,1618
vitisasia,vitisusa,vsylveast,vvwest,0.6744,0.1737,0.1519,1508
vitisasia,vitisusa,vsylveast,vvwest,0.665,0.162,0.173,1630
vitisasia,vitisusa,vsylveast,vvwest,0.6669,0.1761,0.1571,1579
vitisasia,vitisusa,vsylveast,vvwest,0.6677,0.1695,0.1628,1622
vitisasia,vitisusa,vsylveast,vvwest,0.6625,0.1703,0.1672,1615
vitisasia,vitisusa,vsylveast,vvwest,0.6531,0.1892,0.1577,1427
vitisasia,vitisusa,vsylveast,vvwest,0.6861,0.155,0.1589,1523
vitisasia,vitisusa,vsylveast,vvwest,0.6774,0.1751,0.1475,1525
vitisasia,vitisusa,vsylveast,vvwest,0.6545,0.1804,0.1651,1502
vitisasia,vitisusa,vsylveast,vvwest,0.6509,0.1803,0.1688,1481
vitisasia,vitisusa,vsylveast,vvwest,0.7307,0.1368,0.1325,1645
vitisasia,vitisusa,vsylveast,vvwest,0.6861,0.1437,0.1702,1663
vitisasia,vitisusa,vsylveast,vvwest,0.7115,0.1454,0.1431,1740
vitisasia,vitisusa,vsylveast,vvwest,0.6671,0.1618,0.1711,1613
vitisasia,vitisusa,vsylveast,vvwest,0.6673,0.1597,0.173,1584
vitisasia,vitisusa,vsylveast,vvwest,0.684,0.1697,0.1463,1579
vitisasia,vitisusa,vsylveast,vvwest,0.6897,0.151,0.1593,1676
vitisasia,vitisusa,vsylveast,vvwest,0.6884,0.1659,0.1457,1688
vitisasia,vitisusa,vsylveast,vvwest,0.6877,0.1607,0.1516,1649
vitisasia,vitisusa,vsylveast,vvwest,0.6667,0.1695,0.1639,1599
vitisasia,vitisusa,vsylveast,vvwest,0.6801,0.1833,0.1367,1544
vitisasia,vitisusa,vsylveast,vvwest,0.7078,0.1526,0.1396,1605
vitisasia,vitisusa,vsylveast,vvwest,0.6804,0.1816,0.138,1580
vitisasia,vitisusa,vsylveast,vvwest,0.6748,0.1782,0.147,1605
vitisasia,vitisusa,vsylveast,vvwest,0.6951,0.1662,0.1386,1594
vitisasia,vitisusa,vsylveast,vvwest,0.6724,0.1823,0.1453,1514
vitisasia,vitisusa,vsylveast,vvwest,0.6644,0.1675,0.1681,1624
vitisasia,vitisusa,vsylveast,vvwest,0.6602,0.1797,0.1602,1586
vitisasia,vitisusa,vsylveast,vvwest,0.6667,0.1713,0.162,1605
vitisasia,vitisusa,vsylveast,vvwest,0.6618,0.1694,0.1688,1588
vitisasia,vitisusa,vsylveast,vvwest,0.6461,0.1928,0.161,1478
vitisasia,vitisusa,vsylveast,vvwest,0.6812,0.1562,0.1626,1556
vitisasia,vitisusa,vsylveast,vvwest,0.6723,0.171,0.1567,1544
vitisasia,vitisusa,vsylveast,vvwest,0.6484,0.1778,0.1739,1530
vitisasia,vitisusa,vsylveast,vvwest,0.6439,0.1754,0.1807,1505
vitisasia,vitisusa,vsylveast,vvwest,0.7279,0.1427,0.1294,1661
vitisasia,vitisusa,vsylveast,vvwest,0.6909,0.1439,0.1652,1640
vitisasia,vitisusa,vsylveast,vvwest,0.7078,0.1452,0.147,1742
vitisasia,vitisusa,vsylveast,vvwest,0.665,0.1616,0.1734,1609
vitisasia,vitisusa,vsylveast,vvwest,0.6656,0.1567,0.1777,1570
vitisasia,vitisusa,vsylveast,vvwest,0.6809,0.1787,0.1403,1589
vitisasia,vitisusa,vsylveast,vvwest,0.6946,0.1539,0.1515,1644
vitisasia,vitisusa,vsylveast,vvwest,0.6822,0.1695,0.1483,1693
vitisasia,vitisusa,vsylveast,vvwest,0.6839,0.1641,0.152,1645
vitisasia,vitisusa,vsylveast,vvwest,0.6662,0.1688,0.165,1570
vitisasia,vitisusa,vsylveast,vvwest,0.673,0.192,0.135,1578
vitisasia,vitisusa,vsylveast,vvwest,0.7046,0.1579,0.1375,1615
vitisasia,vitisusa,vsylveast,vvwest,0.6694,0.1855,0.1452,1612
vitisasia,vitisusa,vsylveast,vvwest,0.6734,0.1787,0.148,1595
vitisasia,vitisusa,vsylveast,vvwest,0.6897,0.1661,0.1442,1595
vitisasia,vitisusa,vsylveast,vvwest,0.4612,0.2772,0.2616,1674
vitisasia,vitisusa,vsylveast,vvwest,0.4764,0.2612,0.2624,1734
vitisasia,vitisusa,vsylveast,vvwest,0.4526,0.2666,0.2808,1763
vitisasia,vitisusa,vsylveast,vvwest,0.4791,0.2725,0.2484,1747
vitisasia,vitisusa,vsylveast,vvwest,0.4722,0.273,0.2547,1747
vitisasia,vitisusa,vsylveast,vvwest,0.4519,0.2503,0.2978,1642
vitisasia,vitisusa,vsylveast,vvwest,0.5021,0.2174,0.2805,1679
vitisasia,vitisusa,vsylveast,vvwest,0.4758,0.2249,0.2993,1734
vitisasia,vitisusa,vsylveast,vvwest,0.4694,0.2472,0.2834,1715
vitisasia,vitisusa,vsylveast,vvwest,0.4638,0.2467,0.2894,1686
vitisasia,vitisusa,vsylveast,vvwest,0.4994,0.3104,0.1902,1714
vitisasia,vitisusa,vsylveast,vvwest,0.4654,0.3195,0.2151,1706
vitisasia,vitisusa,vsylveast,vvwest,0.4892,0.2997,0.2112,1752
vitisasia,vitisusa,vsylveast,vvwest,0.4362,0.3446,0.2192,1770
vitisasia,vitisusa,vsylveast,vvwest,0.4329,0.3451,0.222,1721
vitisasia,vitisusa,vsylveast,vvwest,0.4724,0.292,0.2356,1668
vitisasia,vitisusa,vsylveast,vvwest,0.4985,0.27,0.2315,1715
vitisasia,vitisusa,vsylveast,vvwest,0.4823,0.2711,0.2466,1756
vitisasia,vitisusa,vsylveast,vvwest,0.4887,0.2867,0.2246,1772
vitisasia,vitisusa,vsylveast,vvwest,0.4644,0.2972,0.2384,1699
vitisasia,vitisusa,vsylveast,vvwest,0.4654,0.2986,0.236,1678
vitisasia,vitisusa,vsylveast,vvwest,0.5026,0.2708,0.2266,1743
vitisasia,vitisusa,vsylveast,vvwest,0.4543,0.2878,0.2579,1807
vitisasia,vitisusa,vsylveast,vvwest,0.4746,0.2973,0.2281,1749
vitisasia,vitisusa,vsylveast,vvwest,0.4897,0.2868,0.2235,1754
vitisasia,vitisusa,vsylvwest,vveast,0.5876,0.2181,0.1943,1467
vitisasia,vitisusa,vsylvwest,vveast,0.6069,0.1942,0.1989,1473
vitisasia,vitisusa,vsylvwest,vveast,0.5957,0.2055,0.1988,1479
vitisasia,vitisusa,vsylvwest,vveast,0.6036,0.2065,0.19,1453
vitisasia,vitisusa,vsylvwest,vveast,0.6481,0.1721,0.1798,1563
vitisasia,vitisusa,vsylvwest,vveast,0.6266,0.205,0.1684,1473
vitisasia,vitisusa,vsylvwest,vveast,0.6331,0.1874,0.1795,1521
vitisasia,vitisusa,vsylvwest,vveast,0.6237,0.1979,0.1785,1496
vitisasia,vitisusa,vsylvwest,vveast,0.6256,0.2012,0.1733,1541
vitisasia,vitisusa,vsylvwest,vveast,0.6571,0.1737,0.1692,1572
vitisasia,vitisusa,vsylvwest,vveast,0.5946,0.2272,0.1782,1448
vitisasia,vitisusa,vsylvwest,vveast,0.5982,0.2109,0.1909,1446
vitisasia,vitisusa,vsylvwest,vveast,0.5884,0.2216,0.19,1453
vitisasia,vitisusa,vsylvwest,vveast,0.6089,0.2158,0.1753,1483
vitisasia,vitisusa,vsylvwest,vveast,0.6466,0.1845,0.1689,1545
vitisasia,vitisusa,vsylvwest,vveast,0.6675,0.1807,0.1518,1594
vitisasia,vitisusa,vsylvwest,vveast,0.6585,0.172,0.1694,1558
vitisasia,vitisusa,vsylvwest,vveast,0.6425,0.1855,0.1719,1547
vitisasia,vitisusa,vsylvwest,vveast,0.671,0.1754,0.1536,1602
vitisasia,vitisusa,vsylvwest,vveast,0.6823,0.1586,0.1592,1602
vitisasia,vitisusa,vsylvwest,vveast,0.6509,0.1908,0.1583,1541
vitisasia,vitisusa,vsylvwest,vveast,0.6549,0.1751,0.1699,1536
vitisasia,vitisusa,vsylvwest,vveast,0.6634,0.1765,0.1601,1518
vitisasia,vitisusa,vsylvwest,vveast,0.6475,0.1889,0.1636,1546
vitisasia,vitisusa,vsylvwest,vveast,0.6811,0.1604,0.1585,1615
vitisasia,vitisusa,vsylvwest,vveast,0.587,0.2146,0.1984,1477
vitisasia,vitisusa,vsylvwest,vveast,0.6115,0.1863,0.2022,1449
vitisasia,vitisusa,vsylvwest,vveast,0.6095,0.1949,0.1956,1411
vitisasia,vitisusa,vsylvwest,vveast,0.6112,0.2058,0.183,1443
vitisasia,vitisusa,vsylvwest,vveast,0.6459,0.1678,0.1863,1573
vitisasia,vitisusa,vsylvwest,vveast,0.6336,0.1932,0.1733,1460
vitisasia,vitisusa,vsylvwest,vveast,0.6409,0.1736,0.1856,1498
vitisasia,vitisusa,vsylvwest,vveast,0.6246,0.189,0.1864,1513
vitisasia,vitisusa,vsylvwest,vveast,0.6346,0.1951,0.1704,1538
vitisasia,vitisusa,vsylvwest,vveast,0.6576,0.1636,0.1788,1583
vitisasia,vitisusa,vsylvwest,vveast,0.5983,0.216,0.1857,1454
vitisasia,vitisusa,vsylvwest,vveast,0.5999,0.199,0.2011,1457
vitisasia,vitisusa,vsylvwest,vveast,0.6004,0.2065,0.1931,1414
vitisasia,vitisusa,vsylvwest,vveast,0.6156,0.2099,0.1745,1496
vitisasia,vitisusa,vsylvwest,vveast,0.6492,0.1725,0.1783,1548
vitisasia,vitisusa,vsylvwest,vveast,0.6658,0.1789,0.1552,1604
vitisasia,vitisusa,vsylvwest,vveast,0.6566,0.1688,0.1746,1564
vitisasia,vitisusa,vsylvwest,vveast,0.6452,0.1816,0.1732,1536
vitisasia,vitisusa,vsylvwest,vveast,0.6695,0.1796,0.1508,1631
vitisasia,vitisusa,vsylvwest,vveast,0.6767,0.157,0.1663,1624
vitisasia,vitisusa,vsylvwest,vveast,0.6519,0.187,0.161,1540
vitisasia,vitisusa,vsylvwest,vveast,0.6609,0.1672,0.1719,1507
vitisasia,vitisusa,vsylvwest,vveast,0.6684,0.1708,0.1608,1499
vitisasia,vitisusa,vsylvwest,vveast,0.6484,0.1914,0.1602,1567
vitisasia,vitisusa,vsylvwest,vveast,0.6862,0.1528,0.161,1590
vitisasia,vitisusa,vsylvwest,vveast,0.5866,0.214,0.1993,1495
vitisasia,vitisusa,vsylvwest,vveast,0.6072,0.1859,0.2069,1479
vitisasia,vitisusa,vsylvwest,vveast,0.6008,0.1962,0.203,1463
vitisasia,vitisusa,vsylvwest,vveast,0.6022,0.2016,0.1962,1478
vitisasia,vitisusa,vsylvwest,vveast,0.6465,0.1621,0.1914,1567
vitisasia,vitisusa,vsylvwest,vveast,0.6238,0.1983,0.1779,1518
vitisasia,vitisusa,vsylvwest,vveast,0.6374,0.174,0.1885,1517
vitisasia,vitisusa,vsylvwest,vveast,0.621,0.1892,0.1898,1533
vitisasia,vitisusa,vsylvwest,vveast,0.6313,0.1899,0.1788,1538
vitisasia,vitisusa,vsylvwest,vveast,0.6553,0.1607,0.184,1587
vitisasia,vitisusa,vsylvwest,vveast,0.5986,0.2186,0.1828,1455
vitisasia,vitisusa,vsylvwest,vveast,0.5966,0.2014,0.202,1470
vitisasia,vitisusa,vsylvwest,vveast,0.5961,0.2089,0.195,1431
vitisasia,vitisusa,vsylvwest,vveast,0.611,0.2072,0.1818,1496
vitisasia,vitisusa,vsylvwest,vveast,0.6462,0.1717,0.1821,1549
vitisasia,vitisusa,vsylvwest,vveast,0.6603,0.1836,0.1561,1634
vitisasia,vitisusa,vsylvwest,vveast,0.6458,0.1746,0.1796,1615
vitisasia,vitisusa,vsylvwest,vveast,0.6376,0.1854,0.1771,1570
vitisasia,vitisusa,vsylvwest,vveast,0.6602,0.1792,0.1605,1657
vitisasia,vitisusa,vsylvwest,vveast,0.6711,0.1574,0.1714,1639
vitisasia,vitisusa,vsylvwest,vveast,0.6492,0.1942,0.1566,1545
vitisasia,vitisusa,vsylvwest,vveast,0.6505,0.1764,0.1732,1542
vitisasia,vitisusa,vsylvwest,vveast,0.6605,0.1783,0.1612,1520
vitisasia,vitisusa,vsylvwest,vveast,0.6446,0.1919,0.1636,1553
vitisasia,vitisusa,vsylvwest,vveast,0.6803,0.1567,0.163,1595
vitisasia,vitisusa,vsylvwest,vveast,0.5817,0.2126,0.2057,1463
vitisasia,vitisusa,vsylvwest,vveast,0.6103,0.1938,0.1959,1455
vitisasia,vitisusa,vsylvwest,vveast,0.5974,0.2071,0.1955,1473
vitisasia,vitisusa,vsylvwest,vveast,0.6017,0.2054,0.193,1451
vitisasia,vitisusa,vsylvwest,vveast,0.6522,0.1726,0.1752,1547
vitisasia,vitisusa,vsylvwest,vveast,0.622,0.1927,0.1853,1484
vitisasia,vitisusa,vsylvwest,vveast,0.6359,0.1814,0.1827,1527
vitisasia,vitisusa,vsylvwest,vveast,0.622,0.1949,0.1831,1529
vitisasia,vitisusa,vsylvwest,vveast,0.6215,0.1953,0.1832,1572
vitisasia,vitisusa,vsylvwest,vveast,0.6595,0.1693,0.1712,1583
vitisasia,vitisusa,vsylvwest,vveast,0.5907,0.2204,0.189,1434
vitisasia,vitisusa,vsylvwest,vveast,0.597,0.2125,0.1905,1454
vitisasia,vitisusa,vsylvwest,vveast,0.5885,0.2236,0.1879,1458
vitisasia,vitisusa,vsylvwest,vveast,0.6069,0.2144,0.1787,1483
vitisasia,vitisusa,vsylvwest,vveast,0.6531,0.1837,0.1633,1519
vitisasia,vitisusa,vsylvwest,vveast,0.6615,0.1736,0.1649,1601
vitisasia,vitisusa,vsylvwest,vveast,0.6529,0.1739,0.1733,1593
vitisasia,vitisusa,vsylvwest,vveast,0.639,0.1872,0.1739,1576
vitisasia,vitisusa,vsylvwest,vveast,0.6588,0.1772,0.164,1659
vitisasia,vitisusa,vsylvwest,vveast,0.6748,0.1626,0.1626,1648
vitisasia,vitisusa,vsylvwest,vveast,0.6446,0.1855,0.1699,1542
vitisasia,vitisusa,vsylvwest,vveast,0.6566,0.1753,0.1681,1529
vitisasia,vitisusa,vsylvwest,vveast,0.6651,0.1777,0.1572,1514
vitisasia,vitisusa,vsylvwest,vveast,0.6455,0.1876,0.1669,1546
vitisasia,vitisusa,vsylvwest,vveast,0.6852,0.1605,0.1543,1601
vitisasia,vitisusa,vsylvwest,vveast,0.5938,0.2076,0.1986,1445
vitisasia,vitisusa,vsylvwest,vveast,0.6159,0.1816,0.2025,1437
vitisasia,vitisusa,vsylvwest,vveast,0.604,0.1942,0.2018,1447
vitisasia,vitisusa,vsylvwest,vveast,0.6023,0.1978,0.1999,1466
vitisasia,vitisusa,vsylvwest,vveast,0.653,0.1645,0.1825,1556
vitisasia,vitisusa,vsylvwest,vveast,0.6278,0.1921,0.1801,1494
vitisasia,vitisusa,vsylvwest,vveast,0.6447,0.1692,0.186,1489
vitisasia,vitisusa,vsylvwest,vveast,0.6277,0.1842,0.1882,1504
vitisasia,vitisusa,vsylvwest,vveast,0.6281,0.1866,0.1853,1549
vitisasia,vitisusa,vsylvwest,vveast,0.6585,0.1635,0.1779,1596
vitisasia,vitisusa,vsylvwest,vveast,0.6083,0.2102,0.1816,1399
vitisasia,vitisusa,vsylvwest,vveast,0.6086,0.1946,0.1967,1413
vitisasia,vitisusa,vsylvwest,vveast,0.6017,0.2048,0.1935,1406
vitisasia,vitisusa,vsylvwest,vveast,0.6113,0.2024,0.1863,1487
