t1,t2,t3,t4,CF12_34,CF13_24,CF14_23,genes
vitisasia,vitisusa,vsylveast,vsylvwest,0.7152,0.1461,0.1388,1643
vitisasia,vitisusa,vsylveast,vsylvwest,0.7358,0.1273,0.1369,1658
vitisasia,vitisusa,vsylveast,vsylvwest,0.6521,0.1593,0.1887,1463
vitisasia,vitisusa,vsylveast,vsylvwest,0.6839,0.1522,0.1639,1629
vitisasia,vitisusa,vsylveast,vsylvwest,0.7425,0.1256,0.1319,1736
vitisasia,vitisusa,vsylveast,vsylvwest,0.6343,0.1771,0.1887,1553
vitisasia,vitisusa,vsylveast,vsylvwest,0.6192,0.1748,0.206,1476
vitisasia,vitisusa,vsylveast,vsylvwest,0.5907,0.1776,0.2317,1351
vitisasia,vitisusa,vsylveast,vsylvwest,0.6559,0.1568,0.1873,1607
vitisasia,vitisusa,vsylveast,vsylvwest,0.5972,0.1876,0.2152,1487
vitisasia,vitisusa,vsylveast,vsylvwest,0.6812,0.1657,0.1531,1581
vitisasia,vitisusa,vsylveast,vsylvwest,0.6667,0.1641,0.1692,1578
vitisasia,vitisusa,vsylveast,vsylvwest,0.6132,0.1807,0.2061,1378
vitisasia,vitisusa,vsylveast,vsylvwest,0.6894,0.1518,0.1588,1555
vitisasia,vitisusa,vsylveast,vsylvwest,0.6904,0.1539,0.1557,1644
vitisasia,vitisusa,vsylveast,vsylvwest,0.6764,0.1678,0.1558,1573
vitisasia,vitisusa,vsylveast,vsylvwest,0.6897,0.1524,0.158,1608
vitisasia,vitisusa,vsylveast,vsylvwest,0.6361,0.1693,0.1946,1418
vitisasia,vitisusa,vsylveast,vsylvwest,0.6703,0.1611,0.1687,1577
vitisasia,vitisusa,vsylveast,vsylvwest,0.6989,0.1493,0.1518,1614
vitisasia,vitisusa,vsylveast,vsylvwest,0.7087,0.1528,0.1385,1617
vitisasia,vitisusa,vsylveast,vsylvwest,0.704,0.1464,0.1495,1605
vitisasia,vitisusa,vsylveast,vsylvwest,0.6436,0.1667,0.1898,1386
vitisasia,vitisusa,vsylveast,vsylvwest,0.6906,0.1522,0.1573,1577
vitisasia,vitisusa,vsylveast,vsylvwest,0.7112,0.1444,0.1444,1662
vitisasia,vitisusa,vsylveast,vsylvwest,0.715,0.1456,0.1395,1642
vitisasia,vitisusa,vsylveast,vsylvwest,0.7258,0.1333,0.1409,1703
vitisasia,vitisusa,vsylveast,vsylvwest,0.6543,0.1577,0.188,1452
vitisasia,vitisusa,vsylveast,vsylvwest,0.6837,0.1508,0.1655,1625
vitisasia,vitisusa,vsylveast,vsylvwest,0.7445,0.124,0.1315,1726
vitisasia,vitisusa,vsylveast,vsylvwest,0.6407,0.1711,0.1882,1525
vitisasia,vitisusa,vsylveast,vsylvwest,0.6167,0.1753,0.208,1500
vitisasia,vitisusa,vsylveast,vsylvwest,0.5872,0.1773,0.2355,1376
vitisasia,vitisusa,vsylveast,vsylvwest,0.6545,0.1542,0.1913,1615
vitisasia,vitisusa,vsylveast,vsylvwest,0.5983,0.1844,0.2174,1486
vitisasia,vitisusa,vsylveast,vsylvwest,0.6848,0.163,0.1522,1564
vitisasia,vitisusa,vsylveast,vsylvwest,0.6696,0.1633,0.1671,1568
vitisasia,vitisusa,vsylveast,vsylvwest,0.6108,0.1813,0.2079,1390
vitisasia,vitisusa,vsylveast,vsylvwest,0.679,0.1552,0.1658,1598
vitisasia,vitisusa,vsylveast,vsylvwest,0.6926,0.1519,0.1555,1633
vitisasia,vitisusa,vsylveast,vsylvwest,0.6698,0.1733,0.1569,1593
vitisasia,vitisusa,vsylveast,vsylvwest,0.6858,0.158,0.1562,1620
vitisasia,vitisusa,vsylveast,vsylvwest,0.6317,0.1744,0.194,1428
vitisasia,vitisusa,vsylveast,vsylvwest,0.665,0.165,0.17,1588
vitisasia,vitisusa,vsylveast,vsylvwest,0.687,0.1574,0.1556,1658
vitisasia,vitisusa,vsylveast,vsylvwest,0.7057,0.1552,0.1392,1624
vitisasia,vitisusa,vsylveast,vsylvwest,0.6964,0.1527,0.1509,1637
vitisasia,vitisusa,vsylveast,vsylvwest,0.6435,0.1681,0.1884,1380
vitisasia,vitisusa,vsylveast,vsylvwest,0.6889,0.153,0.1581,1575
vitisasia,vitisusa,vsylveast,vsylvwest,0.7055,0.1481,0.1463,1681
vitisasia,vitisusa,vsylveast,vsylvwest,0.7313,0.143,0.1257,1615
vitisasia,vitisusa,vsylveast,vsylvwest,0.7413,0.1267,0.1321,1666
vitisasia,vitisusa,vsylveast,vsylvwest,0.6641,0.1512,0.1847,1435
vitisasia,vitisusa,vsylveast,vsylvwest,0.6923,0.1545,0.1532,1638
vitisasia,vitisusa,vsylveast,vsylvwest,0.7452,0.1164,0.1384,1727
vitisasia,vitisusa,vsylveast,vsylvwest,0.6504,0.1761,0.1735,1516
vitisasia,vitisusa,vsylveast,vsylvwest,0.635,0.171,0.194,1433
vitisasia,vitisusa,vsylveast,vsylvwest,0.5991,0.1734,0.2275,1332
vitisasia,vitisusa,vsylveast,vsylvwest,0.6735,0.1562,0.1703,1568
vitisasia,vitisusa,vsylveast,vsylvwest,0.6036,0.1768,0.2196,1448
vitisasia,vitisusa,vsylveast,vsylvwest,0.6925,0.1597,0.1478,1590
vitisasia,vitisusa,vsylveast,vsylvwest,0.6854,0.1515,0.1631,1545
vitisasia,vitisusa,vsylveast,vsylvwest,0.6259,0.1662,0.2079,1366
vitisasia,vitisusa,vsylveast,vsylvwest,0.7002,0.1477,0.1521,1571
vitisasia,vitisusa,vsylveast,vsylvwest,0.7044,0.1331,0.1625,1600
vitisasia,vitisusa,vsylveast,vsylvwest,0.6939,0.1634,0.1427,1542
vitisasia,vitisusa,vsylveast,vsylvwest,0.708,0.1444,0.1476,1565
vitisasia,vitisusa,vsylveast,vsylvwest,0.6503,0.159,0.1908,1384
vitisasia,vitisusa,vsylveast,vsylvwest,0.6797,0.162,0.1583,1586
vitisasia,vitisusa,vsylveast,vsylvwest,0.7015,0.1387,0.1598,1608
vitisasia,vitisusa,vsylveast,vsylvwest,0.7239,0.149,0.1271,1597
vitisasia,vitisusa,vsylveast,vsylvwest,0.7159,0.1414,0.1427,1591
vitisasia,vitisusa,vsylveast,vsylvwest,0.6559,0.157,0.1871,1363
vitisasia,vitisusa,vsylveast,vsylvwest,0.7003,0.1527,0.147,1585
vitisasia,vitisusa,vsylveast,vsylvwest,0.7177,0.1317,0.1506,1640
vitisasia,vitisusa,vsylveast,vsylvwest,0.7141,0.1429,0.1429,1644
vitisasia,vitisusa,vsylveast,vsylvwest,0.7334,0.1264,0.1402,1669
vitisasia,vitisusa,vsylveast,vsylvwest,0.6516,0.1543,0.1941,1458
vitisasia,vitisusa,vsylveast,vsylvwest,0.6803,0.1504,0.1693,1642
vitisasia,vitisusa,vsylveast,vsylvwest,0.7434,0.122,0.1347,1730
vitisasia,vitisusa,vsylveast,vsylvwest,0.6403,0.1668,0.1929,1529
vitisasia,vitisusa,vsylveast,vsylvwest,0.6158,0.1712,0.213,1507
vitisasia,vitisusa,vsylveast,vsylvwest,0.5908,0.1684,0.2408,1354
vitisasia,vitisusa,vsylveast,vsylvwest,0.6518,0.1524,0.1958,1634
vitisasia,vitisusa,vsylveast,vsylvwest,0.5968,0.1809,0.2223,1498
vitisasia,vitisusa,vsylveast,vsylvwest,0.6791,0.157,0.1639,1605
vitisasia,vitisusa,vsylveast,vsylvwest,0.6707,0.1539,0.1754,1579
vitisasia,vitisusa,vsylveast,vsylvwest,0.6161,0.1669,0.217,1378
vitisasia,vitisusa,vsylveast,vsylvwest,0.6825,0.1456,0.1719,1600
vitisasia,vitisusa,vsylveast,vsylvwest,0.6965,0.1416,0.1619,1631
vitisasia,vitisusa,vsylveast,vsylvwest,0.6749,0.1641,0.161,1578
vitisasia,vitisusa,vsylveast,vsylvwest,0.6923,0.1482,0.1595,1599
vitisasia,vitisusa,vsylveast,vsylvwest,0.641,0.1604,0.1986,1390
vitisasia,vitisusa,vsylveast,vsylvwest,0.6675,0.1581,0.1744,1588
vitisasia,vitisusa,vsylveast,vsylvwest,0.6978,0.1459,0.1564,1618
vitisasia,vitisusa,vsylveast,vsylvwest,0.7108,0.1443,0.1449,1615
vitisasia,vitisusa,vsylveast,vsylvwest,0.7105,0.1372,0.1523,1589
vitisasia,vitisusa,vsylveast,vsylvwest,0.6473,0.1549,0.1978,1375
vitisasia,vitisusa,vsylveast,vsylvwest,0.688,0.146,0.166,1596
vitisasia,vitisusa,vsylveast,vsylvwest,0.7158,0.1352,0.1491,1650
vitisasia,vitisusa,vsylveast,vsylvwest,0.7269,0.143,0.1301,1622
vitisasia,vitisusa,vsylveast,vsylvwest,0.7315,0.1277,0.1407,1691
vitisasia,vitisusa,vsylveast,vsylvwest,0.6635,0.1611,0.1755,1459
vitisasia,vitisusa,vsylveast,vsylvwest,0.6968,0.1491,0.1541,1603
vitisasia,vitisusa,vsylveast,vsylvwest,0.7501,0.1164,0.1334,1709
vitisasia,vitisusa,vsylveast,vsylvwest,0.6422,0.1786,0.1792,1540
vitisasia,vitisusa,vsylveast,vsylvwest,0.6199,0.1752,0.2049,1484
vitisasia,vitisusa,vsylveast,vsylvwest,0.6041,0.1818,0.2141,1331
vitisasia,vitisusa,vsylveast,vsylvwest,0.6639,0.1586,0.1774,1595
vitisasia,vitisusa,vsylveast,vsylvwest,0.5974,0.1841,0.2185,1483
vitisasia,vitisusa,vsylveast,vsylvwest,0.6918,0.1592,0.149,1577
vitisasia,vitisusa,vsylveast,vsylvwest,0.6696,0.1567,0.1737,1595
vitisasia,vitisusa,vsylveast,vsylvwest,0.6254,0.178,0.1967,1388
vitisasia,vitisusa,vsylveast,vsylvwest,0.6914,0.1502,0.1584,1591
vitisasia,vitisusa,vsylveast,vsylvwest,0.6958,0.1417,0.1625,1637
vitisasia,vitisusa,vsylveast,vsylvwest,0.6791,0.1744,0.1465,1577
vitisasia,vitisusa,vsylveast,vsylvwest,0.6814,0.1596,0.159,1648
vitisasia,vitisusa,vsylveast,vsylvwest,0.638,0.1817,0.1803,1442
vitisasia,vitisusa,vsylveast,vsylvwest,0.6713,0.1691,0.1596,1591
vitisasia,vitisusa,vsylveast,vsylvwest,0.6933,0.1515,0.1552,1630
vitisasia,vitisusa,vsylveast,vsylvwest,0.7095,0.1528,0.1377,1649
vitisasia,vitisusa,vsylveast,vsylvwest,0.7053,0.1418,0.1529,1622
vitisasia,vitisusa,vsylveast,vsylvwest,0.6582,0.1647,0.1771,1378
vitisasia,vitisusa,vsylveast,vsylvwest,0.6953,0.1511,0.1536,1595
vitisasia,vitisusa,vsylveast,vsylvwest,0.712,0.1365,0.1515,1670
vitisasia,vitisusa,vsylveast,vsylvwest,0.7239,0.1442,0.1319,1630
vitisasia,vitisusa,vsylveast,vsylvwest,0.7362,0.1307,0.1331,1683
vitisasia,vitisusa,vsylveast,vsylvwest,0.6584,0.1571,0.1845,1458
vitisasia,vitisusa,vsylveast,vsylvwest,0.6937,0.1559,0.1504,1629
vitisasia,vitisusa,vsylveast,vsylvwest,0.748,0.1246,0.1275,1734
vitisasia,vitisusa,vsylveast,vsylvwest,0.6542,0.1656,0.1802,1498
vitisasia,vitisusa,vsylveast,vsylvwest,0.6284,0.1703,0.2014,1480
vitisasia,vitisusa,vsylveast,vsylvwest,0.6058,0.166,0.2282,1319
vitisasia,vitisusa,vsylveast,vsylvwest,0.669,0.1552,0.1758,1604
vitisasia,vitisusa,vsylveast,vsylvwest,0.6072,0.1805,0.2123,1479
vitisasia,vitisusa,vsylveast,vsylvwest,0.6977,0.1521,0.1502,1558
vitisasia,vitisusa,vsylveast,vsylvwest,0.684,0.1512,0.1647,1554
vitisasia,vitisusa,vsylveast,vsylvwest,0.634,0.1617,0.2043,1336
vitisasia,vitisusa,vsylveast,vsylvwest,0.6989,0.148,0.1531,1581
vitisasia,vitisusa,vsylveast,vsylvwest,0.7014,0.1426,0.156,1641
vitisasia,vitisusa,vsylveast,vsylvwest,0.688,0.1647,0.1473,1548
vitisasia,vitisusa,vsylveast,vsylvwest,0.6981,0.1519,0.15,1600
vitisasia,vitisusa,vsylveast,vsylvwest,0.6493,0.1634,0.1873,1383
vitisasia,vitisusa,vsylveast,vsylvwest,0.6831,0.1636,0.1534,1565
vitisasia,vitisusa,vsylveast,vsylvwest,0.702,0.1496,0.1484,1624
vitisasia,vitisusa,vsylveast,vsylvwest,0.7241,0.1321,0.1438,1620
vitisasia,vitisusa,vsylveast,vsylvwest,0.7177,0.1279,0.1544,1619
vitisasia,vitisusa,vsylveast,vsylvwest,0.6614,0.1408,0.1978,1385
vitisasia,vitisusa,vsylveast,vsylvwest,0.7019,0.1398,0.1583,1617
vitisasia,vitisusa,vsylveast,vsylvwest,0.7204,0.1268,0.1528,1688
vitisasia,vitisusa,vsylveast,vsylvwest,0.7188,0.1406,0.1406,1643
vitisasia,vitisusa,vsylveast,vsylvwest,0.7368,0.1283,0.1349,1683
vitisasia,vitisusa,vsylveast,vsylvwest,0.659,0.159,0.1821,1472
vitisasia,vitisusa,vsylveast,vsylvwest,0.6912,0.1513,0.1575,1632
vitisasia,vitisusa,vsylveast,vsylvwest,0.7468,0.1191,0.1341,1730
vitisasia,vitisusa,vsylveast,vsylvwest,0.6509,0.1622,0.1869,1498
vitisasia,vitisusa,vsylveast,vsylvwest,0.6269,0.1704,0.2027,1485
vitisasia,vitisusa,vsylveast,vsylvwest,0.6096,0.1682,0.2222,1314
vitisasia,vitisusa,vsylveast,vsylvwest,0.6644,0.1532,0.1824,1612
vitisasia,vitisusa,vsylveast,vsylvwest,0.6039,0.1767,0.2194,1477
vitisasia,vitisusa,vsylveast,vsylvwest,0.6943,0.1506,0.1551,1554
vitisasia,vitisusa,vsylveast,vsylvwest,0.679,0.1548,0.1662,1570
vitisasia,vitisusa,vsylveast,vsylvwest,0.6237,0.1734,0.2029,1390
vitisasia,vitisusa,vsylveast,vsylvwest,0.694,0.1476,0.1584,1585
vitisasia,vitisusa,vsylveast,vsylvwest,0.7012,0.1392,0.1596,1623
vitisasia,vitisusa,vsylveast,vsylvwest,0.6821,0.1647,0.1532,1554
vitisasia,vitisusa,vsylveast,vsylvwest,0.6967,0.1538,0.1495,1599
vitisasia,vitisusa,vsylveast,vsylvwest,0.6503,0.1691,0.1806,1384
vitisasia,vitisusa,vsylveast,vsylvwest,0.6751,0.165,0.1599,1582
vitisasia,vitisusa,vsylveast,vsylvwest,0.6993,0.1479,0.1528,1616
vitisasia,vitisusa,vsylveast,vsylvwest,0.7154,0.1442,0.1405,1609
vitisasia,vitisusa,vsylveast,vsylvwest,0.7084,0.1443,0.1473,1622
vitisasia,vitisusa,vsylveast,vsylvwest,0.6567,0.1615,0.1818,1375
vitisasia,vitisusa,vsylveast,vsylvwest,0.6982,0.1496,0.1521,1584
vitisasia,vitisusa,vsylveast,vsylvwest,0.7116,0.1383,0.1502,1678
vitisasia,vitisusa,vsylveast,vveast,0.6748,0.1777,0.1475,1559
vitisasia,vitisusa,vsylveast,vveast,0.6515,0.1834,0.1651,1538
vitisasia,vitisusa,vsylveast,vveast,0.6883,0.1524,0.1593,1601
vitisasia,vitisusa,vsylveast,vveast,0.6547,0.1814,0.1638,1538
vitisasia,vitisusa,vsylveast,vveast,0.6617,0.1803,0.1581,1531
vitisasia,vitisusa,vsylveast,vveast,0.7475,0.1313,0.1212,1675
vitisasia,vitisusa,vsylveast,vveast,0.7389,0.1299,0.1311,1693
vitisasia,vitisusa,vsylveast,vveast,0.758,0.1096,0.1325,1789
vitisasia,vitisusa,vsylveast,vveast,0.7094,0.1444,0.1462,1669
vitisasia,vitisusa,vsylveast,vveast,0.757,0.1226,0.1203,1745
vitisasia,vitisusa,vsylveast,vveast,0.7081,0.1632,0.1287,1593
vitisasia,vitisusa,vsylveast,vveast,0.6756,0.1734,0.151,1609
vitisasia,vitisusa,vsylveast,vveast,0.7187,0.1398,0.1416,1660
vitisasia,vitisusa,vsylveast,vveast,0.6603,0.1811,0.1587,1563
vitisasia,vitisusa,vsylveast,vveast,0.6869,0.17,0.1431,1565
vitisasia,vitisusa,vsylveast,vveast,0.6762,0.1791,0.1447,1569
vitisasia,vitisusa,vsylveast,vveast,0.6683,0.1768,0.1548,1589
vitisasia,vitisusa,vsylveast,vveast,0.6991,0.1492,0.1517,1655
vitisasia,vitisusa,vsylveast,vveast,0.6579,0.182,0.1601,1555
vitisasia,vitisusa,vsylveast,vveast,0.6799,0.1732,0.147,1565
vitisasia,vitisusa,vsylveast,vveast,0.6684,0.1849,0.1467,1520
vitisasia,vitisusa,vsylveast,vveast,0.6667,0.1792,0.1541,1557
vitisasia,vitisusa,vsylveast,vveast,0.6948,0.1526,0.1526,1625
vitisasia,vitisusa,vsylveast,vveast,0.6721,0.1763,0.1516,1537
vitisasia,vitisusa,vsylveast,vveast,0.6718,0.1785,0.1497,1563
vitisasia,vitisusa,vsylveast,vveast,0.6712,0.1734,0.1554,1557
vitisasia,vitisusa,vsylveast,vveast,0.6477,0.1823,0.17,1547
vitisasia,vitisusa,vsylveast,vveast,0.7016,0.1534,0.145,1565
vitisasia,vitisusa,vsylveast,vveast,0.662,0.1737,0.1643,1491
vitisasia,vitisusa,vsylveast,vveast,0.654,0.1791,0.1669,1552
vitisasia,vitisusa,vsylveast,vveast,0.7395,0.1279,0.1326,1697
vitisasia,vitisusa,vsylveast,vveast,0.7383,0.1258,0.1359,1693
vitisasia,vitisusa,vsylveast,vveast,0.7621,0.1125,0.1253,1795
vitisasia,vitisusa,vsylveast,vveast,0.7139,0.1363,0.1497,1643
vitisasia,vitisusa,vsylveast,vveast,0.7524,0.119,0.1286,1757
vitisasia,vitisusa,vsylveast,vveast,0.7016,0.1601,0.1383,1605
vitisasia,vitisusa,vsylveast,vveast,0.671,0.1725,0.1565,1623
vitisasia,vitisusa,vsylveast,vveast,0.7253,0.1434,0.1313,1653
vitisasia,vitisusa,vsylveast,vveast,0.6641,0.1748,0.1611,1533
vitisasia,vitisusa,vsylveast,vveast,0.6788,0.1688,0.1524,1588
vitisasia,vitisusa,vsylveast,vveast,0.6707,0.1787,0.1506,1567
vitisasia,vitisusa,vsylveast,vveast,0.6633,0.1793,0.1574,1595
vitisasia,vitisusa,vsylveast,vveast,0.7075,0.1551,0.1373,1631
vitisasia,vitisusa,vsylveast,vveast,0.658,0.1808,0.1612,1532
vitisasia,vitisusa,vsylveast,vveast,0.6665,0.1777,0.1559,1604
vitisasia,vitisusa,vsylveast,vveast,0.6671,0.1811,0.1518,1502
vitisasia,vitisusa,vsylveast,vveast,0.6639,0.1793,0.1568,1556
vitisasia,vitisusa,vsylveast,vveast,0.6996,0.1592,0.1413,1621
vitisasia,vitisusa,vsylveast,vveast,0.6742,0.1728,0.153,1510
vitisasia,vitisusa,vsylveast,vveast,0.6639,0.1791,0.157,1580
vitisasia,vitisusa,vsylveast,vveast,0.688,0.1679,0.1442,1519
vitisasia,vitisusa,vsylveast,vveast,0.661,0.1781,0.161,1522
vitisasia,vitisusa,vsylveast,vveast,0.7024,0.146,0.1517,1569
vitisasia,vitisusa,vsylveast,vveast,0.6641,0.1794,0.1566,1533
vitisasia,vitisusa,vsylveast,vveast,0.668,0.1716,0.1604,1515
vitisasia,vitisusa,vsylveast,vveast,0.7466,0.1303,0.1231,1689
vitisasia,vitisusa,vsylveast,vveast,0.7457,0.1277,0.1266,1683
vitisasia,vitisusa,vsylveast,vveast,0.7691,0.1061,0.1248,1763
vitisasia,vitisusa,vsylveast,vveast,0.7169,0.1448,0.1382,1664
vitisasia,vitisusa,vsylveast,vveast,0.755,0.1205,0.1245,1759
vitisasia,vitisusa,vsylveast,vveast,0.7156,0.1507,0.1337,1593
vitisasia,vitisusa,vsylveast,vveast,0.6869,0.1619,0.1512,1600
vitisasia,vitisusa,vsylveast,vveast,0.7302,0.1295,0.1404,1653
vitisasia,vitisusa,vsylveast,vveast,0.6748,0.171,0.1542,1550
vitisasia,vitisusa,vsylveast,vveast,0.6982,0.1535,0.1483,1544
vitisasia,vitisusa,vsylveast,vveast,0.6838,0.171,0.1452,1556
vitisasia,vitisusa,vsylveast,vveast,0.6803,0.1694,0.1503,1564
vitisasia,vitisusa,vsylveast,vveast,0.7163,0.1403,0.1434,1611
vitisasia,vitisusa,vsylveast,vveast,0.6697,0.1778,0.1525,1541
vitisasia,vitisusa,vsylveast,vveast,0.6828,0.1653,0.1519,1567
vitisasia,vitisusa,vsylveast,vveast,0.6794,0.1747,0.1459,1494
vitisasia,vitisusa,vsylveast,vveast,0.6807,0.1705,0.1489,1525
vitisasia,vitisusa,vsylveast,vveast,0.7049,0.1469,0.1482,1613
vitisasia,vitisusa,vsylveast,vveast,0.6881,0.1699,0.142,1507
vitisasia,vitisusa,vsylveast,vveast,0.6772,0.1691,0.1537,1555
vitisasia,vitisusa,vsylveast,vveast,0.6821,0.1736,0.1443,1532
vitisasia,vitisusa,vsylveast,vveast,0.6523,0.181,0.1667,1536
vitisasia,vitisusa,vsylveast,vveast,0.6973,0.1504,0.1523,1576
vitisasia,vitisusa,vsylveast,vveast,0.6607,0.1746,0.1647,1506
vitisasia,vitisusa,vsylveast,vveast,0.6595,0.1742,0.1663,1527
vitisasia,vitisusa,vsylveast,vveast,0.7407,0.1311,0.1282,1716
vitisasia,vitisusa,vsylveast,vveast,0.7464,0.1214,0.1322,1672
vitisasia,vitisusa,vsylveast,vveast,0.7647,0.1056,0.1297,1781
vitisasia,vitisusa,vsylveast,vveast,0.7106,0.1372,0.1522,1669
vitisasia,vitisusa,vsylveast,vveast,0.7496,0.1173,0.1331,1773
vitisasia,vitisusa,vsylveast,vveast,0.71,0.1556,0.1344,1607
vitisasia,vitisusa,vsylveast,vveast,0.6774,0.1647,0.1579,1621
vitisasia,vitisusa,vsylveast,vveast,0.7262,0.1327,0.1411,1658
vitisasia,vitisusa,vsylveast,vveast,0.6673,0.1676,0.165,1545
vitisasia,vitisusa,vsylveast,vveast,0.6844,0.1581,0.1575,1581
vitisasia,vitisusa,vsylveast,vveast,0.6744,0.1785,0.147,1585
vitisasia,vitisusa,vsylveast,vveast,0.6656,0.1756,0.1588,1606
vitisasia,vitisusa,vsylveast,vveast,0.7102,0.1455,0.1443,1622
vitisasia,vitisusa,vsylveast,vveast,0.6653,0.1739,0.1607,1518
vitisasia,vitisusa,vsylveast,vveast,0.6773,0.1668,0.1559,1565
vitisasia,vitisusa,vsylveast,vveast,0.6697,0.1795,0.1508,1532
vitisasia,vitisusa,vsylveast,vveast,0.665,0.1742,0.1609,1579
vitisasia,vitisusa,vsylveast,vveast,0.698,0.1498,0.1522,1636
vitisasia,vitisusa,vsylveast,vveast,0.6743,0.1674,0.1583,1535
vitisasia,vitisusa,vsylveast,vveast,0.6658,0.1705,0.1636,1589
vitisasia,vitisusa,vsylveast,vveast,0.6848,0.1691,0.1461,1526
vitisasia,vitisusa,vsylveast,vveast,0.6521,0.1804,0.1675,1552
vitisasia,vitisusa,vsylveast,vveast,0.6994,0.1512,0.1493,1587
vitisasia,vitisusa,vsylveast,vveast,0.663,0.1777,0.1593,1525
vitisasia,vitisusa,vsylveast,vveast,0.6669,0.1738,0.1593,1519
vitisasia,vitisusa,vsylveast,vveast,0.7391,0.1343,0.1267,1713
vitisasia,vitisusa,vsylveast,vveast,0.7417,0.1286,0.1297,1688
vitisasia,vitisusa,vsylveast,vveast,0.7636,0.1129,0.1235,1789
vitisasia,vitisusa,vsylveast,vveast,0.716,0.1438,0.1402,1655
vitisasia,vitisusa,vsylveast,vveast,0.7551,0.1224,0.1224,1756
vitisasia,vitisusa,vsylveast,vveast,0.7093,0.1547,0.136,1610
vitisasia,vitisusa,vsylveast,vveast,0.6775,0.1658,0.1566,1628
vitisasia,vitisusa,vsylveast,vveast,0.7268,0.136,0.1372,1669
vitisasia,vitisusa,vsylveast,vveast,0.6682,0.1733,0.1586,1564
vitisasia,vitisusa,vsylveast,vveast,0.6884,0.1612,0.1504,1582
vitisasia,vitisusa,vsylveast,vveast,0.6785,0.1794,0.1421,1555
vitisasia,vitisusa,vsylveast,vveast,0.6658,0.1805,0.1537,1601
vitisasia,vitisusa,vsylveast,vveast,0.7092,0.1534,0.1374,1630
vitisasia,vitisusa,vsylveast,vveast,0.6636,0.1848,0.1516,1537
vitisasia,vitisusa,vsylveast,vveast,0.6775,0.1756,0.1469,1572
vitisasia,vitisusa,vsylveast,vveast,0.6742,0.1758,0.15,1513
vitisasia,vitisusa,vsylveast,vveast,0.6675,0.1739,0.1586,1576
vitisasia,vitisusa,vsylveast,vveast,0.7075,0.1484,0.1441,1610
vitisasia,vitisusa,vsylveast,vveast,0.6815,0.1697,0.1488,1526
vitisasia,vitisusa,vsylveast,vveast,0.6734,0.1715,0.155,1574
vitisasia,vitisusa,vsylveast,vveast,0.6823,0.1703,0.1474,1533
vitisasia,vitisusa,vsylveast,vveast,0.648,0.1792,0.1728,1557
vitisasia,vitisusa,vsylveast,vveast,0.6966,0.1479,0.1555,1582
vitisasia,vitisusa,vsylveast,vveast,0.6618,0.1744,0.1638,1514
vitisasia,vitisusa,vsylveast,vveast,0.6546,0.1714,0.174,1546
vitisasia,vitisusa,vsylveast,vveast,0.7475,0.1242,0.1283,1691
vitisasia,vitisusa,vsylveast,vveast,0.7458,0.1175,0.1366,1676
vitisasia,vitisusa,vsylveast,vveast,0.7713,0.099,0.1297,1758
vitisasia,vitisusa,vsylveast,vveast,0.7199,0.1322,0.148,1642
vitisasia,vitisusa,vsylveast,vveast,0.7537,0.11,0.1363,1754
vitisasia,vitisusa,vsylveast,vveast,0.7186,0.1464,0.135,1578
vitisasia,vitisusa,vsylveast,vveast,0.6838,0.1559,0.1603,1597
vitisasia,vitisusa,vsylveast,vveast,0.7294,0.1265,0.1441,1652
vitisasia,vitisusa,vsylveast,vveast,0.6763,0.1615,0.1622,1523
vitisasia,vitisusa,vsylveast,vveast,0.6914,0.1476,0.1611,1552
vitisasia,vitisusa,vsylveast,vveast,0.6771,0.1748,0.1481,1573
vitisasia,vitisusa,vsylveast,vveast,0.6717,0.1695,0.1587,1575
vitisasia,vitisusa,vsylveast,vveast,0.7163,0.1403,0.1434,1597
vitisasia,vitisusa,vsylveast,vveast,0.6729,0.1712,0.1559,1495
vitisasia,vitisusa,vsylveast,vveast,0.676,0.1629,0.161,1565
vitisasia,vitisusa,vsylveast,vveast,0.6862,0.1555,0.1582,1498
vitisasia,vitisusa,vsylveast,vveast,0.6807,0.1503,0.169,1544
vitisasia,vitisusa,vsylveast,vveast,0.7069,0.131,0.1622,1634
vitisasia,vitisusa,vsylveast,vveast,0.6867,0.1491,0.1642,1529
vitisasia,vitisusa,vsylveast,vveast,0.6784,0.1471,0.1746,1564
vitisasia,vitisusa,vsylveast,vveast,0.6849,0.1706,0.1445,1536
vitisasia,vitisusa,vsylveast,vveast,0.6527,0.1791,0.1682,1552
vitisasia,vitisusa,vsylveast,vveast,0.7003,0.1495,0.1502,1585
vitisasia,vitisusa,vsylveast,vveast,0.664,0.1746,0.1614,1518
vitisasia,vitisusa,vsylveast,vveast,0.6597,0.1685,0.1718,1531
vitisasia,vitisusa,vsylveast,vveast,0.7417,0.13,0.1283,1723
vitisasia,vitisusa,vsylveast,vveast,0.7475,0.1203,0.1322,1679
vitisasia,vitisusa,vsylveast,vveast,0.7716,0.1034,0.1249,1769
vitisasia,vitisusa,vsylveast,vveast,0.7238,0.1329,0.1433,1633
vitisasia,vitisusa,vsylveast,vveast,0.7554,0.1103,0.1343,1750
vitisasia,vitisusa,vsylveast,vveast,0.7074,0.1564,0.1362,1630
vitisasia,vitisusa,vsylveast,vveast,0.6815,0.1623,0.1561,1614
vitisasia,vitisusa,vsylveast,vveast,0.7264,0.1344,0.1392,1674
vitisasia,vitisusa,vsylveast,vveast,0.6714,0.1685,0.1601,1549
vitisasia,vitisusa,vsylveast,vveast,0.6855,0.1535,0.1611,1577
vitisasia,vitisusa,vsylveast,vveast,0.6794,0.1788,0.1418,1566
vitisasia,vitisusa,vsylveast,vveast,0.6692,0.1764,0.1544,1593
vitisasia,vitisusa,vsylveast,vveast,0.7158,0.1474,0.1368,1608
vitisasia,vitisusa,vsylveast,vveast,0.6736,0.1759,0.1505,1495
vitisasia,vitisusa,vsylveast,vveast,0.6732,0.1675,0.1593,1576
vitisasia,vitisusa,vsylveast,vveast,0.6748,0.1777,0.1475,1519
vitisasia,vitisusa,vsylveast,vveast,0.6738,0.1705,0.1557,1548
vitisasia,vitisusa,vsylveast,vveast,0.7075,0.1478,0.1447,1610
vitisasia,vitisusa,vsylveast,vveast,0.6804,0.1683,0.1513,1527
vitisasia,vitisusa,vsylveast,vveast,0.6688,0.1659,0.1653,1573
vitisasia,vitisusa,vsylveast,vvwest,0.6858,0.1592,0.155,1639
vitisasia,vitisusa,vsylveast,vvwest,0.669,0.1722,0.1588,1574
vitisasia,vitisusa,vsylveast,vvwest,0.6818,0.1711,0.147,1537
vitisasia,vitisusa,vsylveast,vvwest,0.6814,0.1728,0.1458,1626
vitisasia,vitisusa,vsylveast,vvwest,0.6636,0.1718,0.1646,1525
vitisasia,vitisusa,vsylveast,vvwest,0.7103,0.1383,0.1515,1743
vitisasia,vitisusa,vsylveast,vvwest,0.713,0.1408,0.1462,1690
vitisasia,vitisusa,vsylveast,vvwest,0.7242,0.14,0.1358,1664
vitisasia,vitisusa,vsylveast,vvwest,0.6899,0.1594,0.1507,1606
vitisasia,vitisusa,vsylveast,vvwest,0.7116,0.1384,0.15,1647
vitisasia,vitisusa,vsylveast,vvwest,0.6973,0.1559,0.1468,1642
vitisasia,vitisusa,vsylveast,vvwest,0.6652,0.1764,0.1584,1610
vitisasia,vitisusa,vsylveast,vvwest,0.6726,0.178,0.1494,1573
vitisasia,vitisusa,vsylveast,vvwest,0.6754,0.1782,0.1464,1633
vitisasia,vitisusa,vsylveast,vvwest,0.672,0.1701,0.1579,1558
vitisasia,vitisusa,vsylveast,vvwest,0.6559,0.1764,0.1677,1610
vitisasia,vitisusa,vsylveast,vvwest,0.6859,0.1658,0.1483,1598
vitisasia,vitisusa,vsylveast,vvwest,0.7033,0.1622,0.1345,1584
vitisasia,vitisusa,vsylveast,vvwest,0.6847,0.1737,0.1416,1589
vitisasia,vitisusa,vsylveast,vvwest,0.6679,0.1718,0.1603,1560
vitisasia,vitisusa,vsylveast,vvwest,0.6656,0.1727,0.1616,1621
vitisasia,vitisusa,vsylveast,vvwest,0.671,0.1748,0.1542,1556
vitisasia,vitisusa,vsylveast,vvwest,0.6755,0.1778,0.1467,1541
vitisasia,vitisusa,vsylveast,vvwest,0.6875,0.1733,0.1392,1616
vitisasia,vitisusa,vsylveast,vvwest,0.6799,0.1672,0.1529,1537
vitisasia,vitisusa,vsylveast,vvwest,0.6836,0.1615,0.1549,1653
vitisasia,vitisusa,vsylveast,vvwest,0.6697,0.1681,0.1623,1559
vitisasia,vitisusa,vsylveast,vvwest,0.676,0.1662,0.1578,1540
vitisasia,vitisusa,vsylveast,vvwest,0.6848,0.1676,0.1476,1599
vitisasia,vitisusa,vsylveast,vvwest,0.666,0.169,0.165,1509
vitisasia,vitisusa,vsylveast,vvwest,0.7105,0.1376,0.1519,1751
vitisasia,vitisusa,vsylveast,vvwest,0.7125,0.1357,0.1517,1687
vitisasia,vitisusa,vsylveast,vvwest,0.7157,0.1353,0.149,1685
vitisasia,vitisusa,vsylveast,vvwest,0.6893,0.1541,0.1566,1603
vitisasia,vitisusa,vsylveast,vvwest,0.7073,0.1374,0.1554,1667
vitisasia,vitisusa,vsylveast,vvwest,0.6922,0.1593,0.1485,1670
vitisasia,vitisusa,vsylveast,vvwest,0.6733,0.1685,0.1582,1561
vitisasia,vitisusa,vsylveast,vvwest,0.6679,0.1724,0.1597,1572
vitisasia,vitisusa,vsylveast,vvwest,0.6759,0.1741,0.15,1620
vitisasia,vitisusa,vsylveast,vvwest,0.6742,0.1671,0.1587,1544
vitisasia,vitisusa,vsylveast,vvwest,0.6581,0.1794,0.1625,1594
vitisasia,vitisusa,vsylveast,vvwest,0.6763,0.1695,0.1541,1622
vitisasia,vitisusa,vsylveast,vvwest,0.695,0.1616,0.1434,1590
vitisasia,vitisusa,vsylveast,vvwest,0.6803,0.175,0.1447,1589
vitisasia,vitisusa,vsylveast,vvwest,0.6658,0.1742,0.16,1556
vitisasia,vitisusa,vsylveast,vvwest,0.6622,0.1772,0.1607,1637
vitisasia,vitisusa,vsylveast,vvwest,0.6682,0.174,0.1579,1552
vitisasia,vitisusa,vsylveast,vvwest,0.6682,0.1753,0.1565,1546
vitisasia,vitisusa,vsylveast,vvwest,0.6842,0.1728,0.143,1615
vitisasia,vitisusa,vsylveast,vvwest,0.6775,0.1684,0.1541,1538
vitisasia,vitisusa,vsylveast,vvwest,0.6894,0.1598,0.1508,1658
vitisasia,vitisusa,vsylveast,vvwest,0.6776,0.1647,0.1577,1554
vitisasia,vitisusa,vsylveast,vvwest,0.6866,0.1674,0.146,1541
vitisasia,vitisusa,vsylveast,vvwest,0.6883,0.1633,0.1484,1604
vitisasia,vitisusa,vsylveast,vvwest,0.6671,0.1668,0.1661,1529
vitisasia,vitisusa,vsylveast,vvwest,0.7142,0.1403,0.1455,1753
vitisasia,vitisusa,vsylveast,vvwest,0.7162,0.138,0.1457,1688
vitisasia,vitisusa,vsylveast,vvwest,0.723,0.1412,0.1358,1686
vitisasia,vitisusa,vsylveast,vvwest,0.695,0.1525,0.1525,1587
vitisasia,vitisusa,vsylveast,vvwest,0.7205,0.1326,0.1468,1621
vitisasia,vitisusa,vsylveast,vvwest,0.7053,0.1492,0.1455,1656
vitisasia,vitisusa,vsylveast,vvwest,0.6776,0.1618,0.1606,1588
vitisasia,vitisusa,vsylveast,vvwest,0.6833,0.166,0.1507,1566
vitisasia,vitisusa,vsylveast,vvwest,0.6922,0.1587,0.1492,1582
vitisasia,vitisusa,vsylveast,vvwest,0.6815,0.1567,0.1618,1551
vitisasia,vitisusa,vsylveast,vvwest,0.6757,0.1683,0.1561,1557
vitisasia,vitisusa,vsylveast,vvwest,0.6918,0.1588,0.1494,1593
vitisasia,vitisusa,vsylveast,vvwest,0.7084,0.1574,0.1341,1588
vitisasia,vitisusa,vsylveast,vvwest,0.6897,0.164,0.1463,1579
vitisasia,vitisusa,vsylveast,vvwest,0.6753,0.164,0.1607,1549
vitisasia,vitisusa,vsylveast,vvwest,0.6788,0.1675,0.1538,1600
vitisasia,vitisusa,vsylveast,vvwest,0.6801,0.1658,0.1541,1538
vitisasia,vitisusa,vsylveast,vvwest,0.6807,0.1726,0.1467,1547
vitisasia,vitisusa,vsylveast,vvwest,0.6928,0.1632,0.1439,1605
vitisasia,vitisusa,vsylveast,vvwest,0.6865,0.1594,0.1541,1531
vitisasia,vitisusa,vsylveast,vvwest,0.6879,0.1511,0.161,1615
vitisasia,vitisusa,vsylveast,vvwest,0.6707,0.1672,0.1621,1561
vitisasia,vitisusa,vsylveast,vvwest,0.6783,0.1696,0.1522,1551
vitisasia,vitisusa,vsylveast,vvwest,0.6868,0.1703,0.1429,1609
vitisasia,vitisusa,vsylveast,vvwest,0.6608,0.168,0.1712,1530
vitisasia,vitisusa,vsylveast,vvwest,0.7121,0.1277,0.1601,1730
vitisasia,vitisusa,vsylveast,vvwest,0.7085,0.1364,0.1551,1715
vitisasia,vitisusa,vsylveast,vvwest,0.722,0.1351,0.1429,1680
vitisasia,vitisusa,vsylveast,vvwest,0.6897,0.1564,0.1539,1624
vitisasia,vitisusa,vsylveast,vvwest,0.7084,0.1323,0.1594,1663
vitisasia,vitisusa,vsylveast,vvwest,0.6977,0.1429,0.1594,1644
vitisasia,vitisusa,vsylveast,vvwest,0.6762,0.1609,0.1628,1572
vitisasia,vitisusa,vsylveast,vvwest,0.6793,0.1655,0.1552,1559
vitisasia,vitisusa,vsylveast,vvwest,0.6835,0.1684,0.1481,1621
vitisasia,vitisusa,vsylveast,vvwest,0.6775,0.1561,0.1665,1544
vitisasia,vitisusa,vsylveast,vvwest,0.6597,0.1667,0.1736,1578
vitisasia,vitisusa,vsylveast,vvwest,0.6775,0.1652,0.1573,1634
vitisasia,vitisusa,vsylveast,vvwest,0.7005,0.1598,0.1397,1596
vitisasia,vitisusa,vsylveast,vvwest,0.6811,0.1746,0.1443,1615
vitisasia,vitisusa,vsylveast,vvwest,0.666,0.167,0.167,1563
vitisasia,vitisusa,vsylveast,vvwest,0.6694,0.16,0.1706,1600
vitisasia,vitisusa,vsylveast,vvwest,0.6669,0.1688,0.1643,1582
vitisasia,vitisusa,vsylveast,vvwest,0.6753,0.1707,0.154,1552
vitisasia,vitisusa,vsylveast,vvwest,0.6855,0.1703,0.1442,1644
vitisasia,vitisusa,vsylveast,vvwest,0.6743,0.1609,0.1648,1566
vitisasia,vitisusa,vsylveast,vvwest,0.6882,0.1553,0.1565,1642
vitisasia,vitisusa,vsylveast,vvwest,0.6761,0.1648,0.159,1553
vitisasia,vitisusa,vsylveast,vvwest,0.6814,0.1622,0.1564,1535
vitisasia,vitisusa,vsylveast,vvwest,0.6961,0.1627,0.1411,1573
vitisasia,vitisusa,vsylveast,vvwest,0.6733,0.1673,0.1594,1506
vitisasia,vitisusa,vsylveast,vvwest,0.7048,0.1408,0.1544,1775
vitisasia,vitisusa,vsylveast,vvwest,0.7174,0.1374,0.1452,1674
vitisasia,vitisusa,vsylveast,vvwest,0.7225,0.1349,0.1427,1661
vitisasia,vitisusa,vsylveast,vvwest,0.6939,0.1568,0.1493,1594
vitisasia,vitisusa,vsylveast,vvwest,0.7107,0.1417,0.1477,1666
vitisasia,vitisusa,vsylveast,vvwest,0.694,0.1509,0.1551,1683
vitisasia,vitisusa,vsylveast,vvwest,0.6764,0.1631,0.1606,1582
vitisasia,vitisusa,vsylveast,vvwest,0.6778,0.1624,0.1598,1558
vitisasia,vitisusa,vsylveast,vvwest,0.6868,0.1656,0.1476,1606
vitisasia,vitisusa,vsylveast,vvwest,0.6813,0.1616,0.1571,1553
vitisasia,vitisusa,vsylveast,vvwest,0.6579,0.1776,0.1645,1599
vitisasia,vitisusa,vsylveast,vvwest,0.6764,0.1716,0.152,1638
vitisasia,vitisusa,vsylveast,vvwest,0.7,0.1601,0.1399,1580
vitisasia,vitisusa,vsylveast,vvwest,0.6865,0.1748,0.1387,1579
vitisasia,vitisusa,vsylveast,vvwest,0.6712,0.1757,0.1532,1554
vitisasia,vitisusa,vsylveast,vvwest,0.6685,0.1664,0.1651,1629
vitisasia,vitisusa,vsylveast,vvwest,0.6772,0.1656,0.1572,1546
vitisasia,vitisusa,vsylveast,vvwest,0.6782,0.1651,0.1567,1532
vitisasia,vitisusa,vsylveast,vvwest,0.6892,0.1671,0.1437,1628
vitisasia,vitisusa,vsylveast,vvwest,0.6908,0.1599,0.1493,1520
vitisasia,vitisusa,vsylveast,vvwest,0.6934,0.1591,0.1475,1634
vitisasia,vitisusa,vsylveast,vvwest,0.674,0.1646,0.1614,1555
vitisasia,vitisusa,vsylveast,vvwest,0.6775,0.1708,0.1517,1569
vitisasia,vitisusa,vsylveast,vvwest,0.6959,0.1712,0.1329,1595
vitisasia,vitisusa,vsylveast,vvwest,0.6667,0.166,0.1673,1518
vitisasia,vitisusa,vsylveast,vvwest,0.7245,0.131,0.1444,1717
vitisasia,vitisusa,vsylveast,vvwest,0.7117,0.1333,0.155,1710
vitisasia,vitisusa,vsylveast,vvwest,0.7259,0.1335,0.1406,1678
vitisasia,vitisusa,vsylveast,vvwest,0.7059,0.1531,0.141,1581
vitisasia,vitisusa,vsylveast,vvwest,0.7122,0.1306,0.1571,1661
vitisasia,vitisusa,vsylveast,vvwest,0.7131,0.1441,0.1429,1624
vitisasia,vitisusa,vsylveast,vvwest,0.6774,0.1575,0.1651,1581
vitisasia,vitisusa,vsylveast,vvwest,0.6838,0.1623,0.1539,1559
vitisasia,vitisusa,vsylveast,vvwest,0.6945,0.1665,0.139,1604
vitisasia,vitisusa,vsylveast,vvwest,0.684,0.1518,0.1642,1535
vitisasia,vitisusa,vsylveast,vvwest,0.6724,0.1721,0.1555,1563
vitisasia,vitisusa,vsylveast,vvwest,0.6856,0.1609,0.1535,1603
vitisasia,vitisusa,vsylveast,vvwest,0.7034,0.1599,0.1367,1595
vitisasia,vitisusa,vsylveast,vvwest,0.6907,0.176,0.1334,1597
vitisasia,vitisusa,vsylveast,vvwest,0.6736,0.1648,0.1616,1541
vitisasia,vitisusa,vsylveast,vvwest,0.6873,0.1501,0.1626,1599
vitisasia,vitisusa,vsylveast,vvwest,0.6779,0.1503,0.1718,1577
vitisasia,vitisusa,vsylveast,vvwest,0.6824,0.156,0.1617,1571
vitisasia,vitisusa,vsylveast,vvwest,0.7034,0.1551,0.1415,1625
vitisasia,vitisusa,vsylveast,vvwest,0.682,0.146,0.1719,1582
vitisasia,vitisusa,vsylveast,vvwest,0.6936,0.1513,0.155,1619
vitisasia,vitisusa,vsylveast,vvwest,0.6705,0.1673,0.1622,1584
vitisasia,vitisusa,vsylveast,vvwest,0.6784,0.1659,0.1557,1561
vitisasia,vitisusa,vsylveast,vvwest,0.6931,0.1669,0.14,1600
vitisasia,vitisusa,vsylveast,vvwest,0.6675,0.1698,0.1627,1537
vitisasia,vitisusa,vsylveast,vvwest,0.7215,0.1267,0.1518,1713
vitisasia,vitisusa,vsylveast,vvwest,0.7117,0.1357,0.1526,1717
vitisasia,vitisusa,vsylveast,vvwest,0.7319,0.1277,0.1404,1645
vitisasia,vitisusa,vsylveast,vvwest,0.7022,0.1508,0.147,1585
vitisasia,vitisusa,vsylveast,vvwest,0.7138,0.1353,0.1509,1670
vitisasia,vitisusa,vsylveast,vvwest,0.7043,0.1439,0.1518,1640
vitisasia,vitisusa,vsylveast,vvwest,0.6716,0.1645,0.1639,1611
vitisasia,vitisusa,vsylveast,vvwest,0.677,0.1643,0.1586,1576
vitisasia,vitisusa,vsylveast,vvwest,0.6908,0.1658,0.1434,1604
vitisasia,vitisusa,vsylveast,vvwest,0.6816,0.1605,0.1579,1558
vitisasia,vitisusa,vsylveast,vvwest,0.6671,0.1703,0.1626,1562
vitisasia,vitisusa,vsylveast,vvwest,0.6812,0.1674,0.1514,1625
vitisasia,vitisusa,vsylveast,vvwest,0.701,0.1602,0.1388,1592
vitisasia,vitisusa,vsylveast,vvwest,0.6865,0.1758,0.1377,1598
vitisasia,vitisusa,vsylveast,vvwest,0.6703,0.1741,0.1556,1568
vitisasia,vitisusa,vsylveast,vvwest,0.6774,0.1613,0.1613,1587
vitisasia,vitisusa,vsylveast,vvwest,0.6772,0.1659,0.1569,1549
vitisasia,vitisusa,vsylveast,vvwest,0.677,0.1686,0.1544,1548
vitisasia,vitisusa,vsylveast,vvwest,0.6954,0.1675,0.1371,1612
vitisasia,vitisusa,vsylveast,vvwest,0.6772,0.1668,0.156,1583
vitisasia,vitisusa,vsylvwest,vveast,0.6549,0.1842,0.1609,1504
vitisasia,vitisusa,vsylvwest,vveast,0.643,0.1837,0.1732,1524
vitisasia,vitisusa,vsylvwest,vveast,0.685,0.1502,0.1648,1578
vitisasia,vitisusa,vsylvwest,vveast,0.625,0.1925,0.1825,1496
vitisasia,vitisusa,vsylvwest,vveast,0.6418,0.1866,0.1716,1463
vitisasia,vitisusa,vsylvwest,vveast,0.616,0.2136,0.1704,1461
vitisasia,vitisusa,vsylvwest,vveast,0.5927,0.2192,0.1882,1419
vitisasia,vitisusa,vsylvwest,vveast,0.6593,0.1719,0.1687,1547
vitisasia,vitisusa,vsylvwest,vveast,0.5845,0.2225,0.193,1456
vitisasia,vitisusa,vsylvwest,vveast,0.5955,0.2199,0.1846,1414
vitisasia,vitisusa,vsylvwest,vveast,0.5852,0.2407,0.1741,1350
vitisasia,vitisusa,vsylvwest,vveast,0.583,0.2347,0.1823,1355
vitisasia,vitisusa,vsylvwest,vveast,0.6273,0.1978,0.1748,1390
vitisasia,vitisusa,vsylvwest,vveast,0.5725,0.2394,0.1881,1366
vitisasia,vitisusa,vsylvwest,vveast,0.595,0.2318,0.1733,1316
vitisasia,vitisusa,vsylvwest,vveast,0.6812,0.1805,0.1383,1562
vitisasia,vitisusa,vsylvwest,vveast,0.6562,0.1867,0.1571,1591
vitisasia,vitisusa,vsylvwest,vveast,0.6907,0.1572,0.1521,1565
vitisasia,vitisusa,vsylvwest,vveast,0.6445,0.1926,0.1629,1547
vitisasia,vitisusa,vsylvwest,vveast,0.678,0.1783,0.1437,1531
vitisasia,vitisusa,vsylvwest,vveast,0.6273,0.2061,0.1666,1465
vitisasia,vitisusa,vsylvwest,vveast,0.5753,0.2258,0.1989,1448
vitisasia,vitisusa,vsylvwest,vveast,0.6667,0.1667,0.1667,1566
vitisasia,vitisusa,vsylvwest,vveast,0.5861,0.2205,0.1935,1406
vitisasia,vitisusa,vsylvwest,vveast,0.5954,0.2188,0.1858,1362
vitisasia,vitisusa,vsylvwest,vveast,0.6522,0.1799,0.1679,1495
vitisasia,vitisusa,vsylvwest,vveast,0.6439,0.181,0.1751,1508
vitisasia,vitisusa,vsylvwest,vveast,0.6933,0.1543,0.1524,1562
vitisasia,vitisusa,vsylvwest,vveast,0.6331,0.1849,0.1821,1439
vitisasia,vitisusa,vsylvwest,vveast,0.6339,0.1861,0.18,1483
vitisasia,vitisusa,vsylvwest,vveast,0.6099,0.209,0.1811,1474
vitisasia,vitisusa,vsylvwest,vveast,0.5902,0.2161,0.1937,1425
vitisasia,vitisusa,vsylvwest,vveast,0.6613,0.1776,0.161,1565
vitisasia,vitisusa,vsylvwest,vveast,0.5944,0.2125,0.1931,1388
vitisasia,vitisusa,vsylvwest,vveast,0.5905,0.216,0.1935,1426
vitisasia,vitisusa,vsylvwest,vveast,0.574,0.239,0.187,1385
vitisasia,vitisusa,vsylvwest,vveast,0.5804,0.233,0.1866,1356
vitisasia,vitisusa,vsylvwest,vveast,0.6233,0.2082,0.1685,1436
vitisasia,vitisusa,vsylvwest,vveast,0.5751,0.2342,0.1907,1332
vitisasia,vitisusa,vsylvwest,vveast,0.5839,0.2313,0.1848,1353
vitisasia,vitisusa,vsylvwest,vveast,0.6702,0.1812,0.1485,1589
vitisasia,vitisusa,vsylvwest,vveast,0.6584,0.1845,0.1571,1566
vitisasia,vitisusa,vsylvwest,vveast,0.6909,0.1662,0.1429,1582
vitisasia,vitisusa,vsylvwest,vveast,0.6473,0.1889,0.1638,1514
vitisasia,vitisusa,vsylvwest,vveast,0.6699,0.1789,0.1512,1548
vitisasia,vitisusa,vsylvwest,vveast,0.6179,0.2048,0.1773,1489
vitisasia,vitisusa,vsylvwest,vveast,0.5719,0.2251,0.203,1453
vitisasia,vitisusa,vsylvwest,vveast,0.6696,0.1734,0.1569,1574
vitisasia,vitisusa,vsylvwest,vveast,0.5874,0.2161,0.1965,1379
vitisasia,vitisusa,vsylvwest,vveast,0.5859,0.2185,0.1955,1391
vitisasia,vitisusa,vsylvwest,vveast,0.6685,0.1685,0.1631,1478
vitisasia,vitisusa,vsylvwest,vveast,0.6602,0.1692,0.1706,1489
vitisasia,vitisusa,vsylvwest,vveast,0.7029,0.1366,0.1605,1545
vitisasia,vitisusa,vsylvwest,vveast,0.6439,0.1805,0.1757,1463
vitisasia,vitisusa,vsylvwest,vveast,0.6508,0.1708,0.1784,1452
vitisasia,vitisusa,vsylvwest,vveast,0.6278,0.2018,0.1704,1432
vitisasia,vitisusa,vsylvwest,vveast,0.6059,0.2096,0.1845,1393
vitisasia,vitisusa,vsylvwest,vveast,0.6785,0.1608,0.1608,1499
vitisasia,vitisusa,vsylvwest,vveast,0.602,0.2145,0.1835,1417
vitisasia,vitisusa,vsylvwest,vveast,0.5967,0.2107,0.1926,1433
vitisasia,vitisusa,vsylvwest,vveast,0.5902,0.2362,0.1736,1342
vitisasia,vitisusa,vsylvwest,vveast,0.5925,0.2315,0.176,1335
vitisasia,vitisusa,vsylvwest,vveast,0.6391,0.1947,0.1662,1366
vitisasia,vitisusa,vsylvwest,vveast,0.5827,0.2393,0.178,1354
vitisasia,vitisusa,vsylvwest,vveast,0.5956,0.2268,0.1776,1323
vitisasia,vitisusa,vsylvwest,vveast,0.6906,0.1656,0.1438,1558
vitisasia,vitisusa,vsylvwest,vveast,0.6636,0.1757,0.1607,1605
vitisasia,vitisusa,vsylvwest,vveast,0.6922,0.1505,0.1573,1608
vitisasia,vitisusa,vsylvwest,vveast,0.6608,0.1804,0.1588,1530
vitisasia,vitisusa,vsylvwest,vveast,0.6809,0.1644,0.1547,1551
vitisasia,vitisusa,vsylvwest,vveast,0.6306,0.2104,0.159,1440
vitisasia,vitisusa,vsylvwest,vveast,0.5813,0.232,0.1867,1414
vitisasia,vitisusa,vsylvwest,vveast,0.6727,0.173,0.1542,1543
vitisasia,vitisusa,vsylvwest,vveast,0.5918,0.2304,0.1778,1389
vitisasia,vitisusa,vsylvwest,vveast,0.5872,0.2262,0.1866,1388
vitisasia,vitisusa,vsylvwest,vveast,0.6542,0.1879,0.1579,1501
vitisasia,vitisusa,vsylvwest,vveast,0.6443,0.1851,0.1705,1507
vitisasia,vitisusa,vsylvwest,vveast,0.6841,0.157,0.1589,1586
vitisasia,vitisusa,vsylvwest,vveast,0.6271,0.1915,0.1813,1467
vitisasia,vitisusa,vsylvwest,vveast,0.638,0.1851,0.1769,1453
vitisasia,vitisusa,vsylvwest,vveast,0.6127,0.2167,0.1706,1477
vitisasia,vitisusa,vsylvwest,vveast,0.589,0.2212,0.1898,1433
vitisasia,vitisusa,vsylvwest,vveast,0.6594,0.1767,0.1639,1556
vitisasia,vitisusa,vsylvwest,vveast,0.5852,0.2206,0.1942,1437
vitisasia,vitisusa,vsylvwest,vveast,0.5862,0.2191,0.1947,1438
vitisasia,vitisusa,vsylvwest,vveast,0.5869,0.2453,0.1678,1329
vitisasia,vitisusa,vsylvwest,vveast,0.5813,0.239,0.1797,1347
vitisasia,vitisusa,vsylvwest,vveast,0.624,0.2075,0.1684,1407
vitisasia,vitisusa,vsylvwest,vveast,0.5729,0.2408,0.1862,1337
vitisasia,vitisusa,vsylvwest,vveast,0.5822,0.2349,0.1829,1345
vitisasia,vitisusa,vsylvwest,vveast,0.6786,0.1849,0.1365,1568
vitisasia,vitisusa,vsylvwest,vveast,0.6521,0.1905,0.1574,1601
vitisasia,vitisusa,vsylvwest,vveast,0.6824,0.1675,0.1501,1606
vitisasia,vitisusa,vsylvwest,vveast,0.6373,0.196,0.1667,1566
vitisasia,vitisusa,vsylvwest,vveast,0.6706,0.1787,0.1507,1539
vitisasia,vitisusa,vsylvwest,vveast,0.6193,0.2127,0.168,1500
vitisasia,vitisusa,vsylvwest,vveast,0.5703,0.2299,0.1999,1466
vitisasia,vitisusa,vsylvwest,vveast,0.6625,0.1747,0.1628,1591
vitisasia,vitisusa,vsylvwest,vveast,0.5814,0.2224,0.1962,1412
vitisasia,vitisusa,vsylvwest,vveast,0.5815,0.2214,0.1972,1405
vitisasia,vitisusa,vsylvwest,vveast,0.6629,0.1733,0.1639,1489
vitisasia,vitisusa,vsylvwest,vveast,0.6475,0.1759,0.1766,1529
vitisasia,vitisusa,vsylvwest,vveast,0.6954,0.1466,0.158,1576
vitisasia,vitisusa,vsylvwest,vveast,0.6377,0.1835,0.1788,1471
vitisasia,vitisusa,vsylvwest,vveast,0.6385,0.1811,0.1804,1502
vitisasia,vitisusa,vsylvwest,vveast,0.6151,0.2118,0.1731,1473
vitisasia,vitisusa,vsylvwest,vveast,0.5908,0.2191,0.19,1442
vitisasia,vitisusa,vsylvwest,vveast,0.6622,0.1769,0.1609,1566
vitisasia,vitisusa,vsylvwest,vveast,0.5933,0.2208,0.1859,1431
vitisasia,vitisusa,vsylvwest,vveast,0.5952,0.2178,0.1869,1423
vitisasia,vitisusa,vsylvwest,vveast,0.5967,0.2226,0.1807,1334
vitisasia,vitisusa,vsylvwest,vveast,0.5933,0.2185,0.1881,1350
vitisasia,vitisusa,vsylvwest,vveast,0.6346,0.1911,0.1743,1423
vitisasia,vitisusa,vsylvwest,vveast,0.5923,0.2224,0.1853,1322
